-19.870043 -17.107182 -19.115448
-19.445310 -16.214078 -20.342962
-16.069933 -17.157283 -22.202456
-19.267716 -17.689276 -18.235034
-17.473513 -19.174617 -19.097180
-16.684762 -16.586658 -22.080360
-16.187361 -18.739838 -21.481769
-18.702929 -18.439612 -18.566431
-16.467990 -18.781566 -21.246317
-19.577826 -16.823055 -20.034225
-19.442951 -16.391239 -20.769206
-19.611572 -17.181412 -19.167315
-19.215338 -17.653142 -18.255090
-18.417694 -16.545510 -21.727025
-18.818024 -17.684796 -20.589714
-17.844018 -18.147503 -21.197276
-16.973787 -18.499925 -20.830213
-18.004422 -18.842831 -18.923172
-17.340461 -16.860552 -21.900943
-16.549774 -19.028820 -21.049046
-17.633709 -19.096126 -19.694809
-19.183306 -18.037975 -18.855141
-17.099803 -17.630539 -22.019742
-19.293750 -17.327397 -19.049990
-18.780598 -18.282899 -19.235756
-17.611872 -18.635777 -20.691511
-16.824382 -17.783041 -21.854052
-18.537148 -17.806847 -20.441644
-19.415271 -17.078707 -19.862840
-18.726967 -17.532644 -21.085497
-18.398331 -17.291956 -21.587825
-19.260794 -17.410268 -20.026400
-18.594451 -16.923667 -21.394234
-18.510531 -17.162506 -21.342322
-19.212979 -17.830303 -18.681334
-18.906554 -17.674787 -19.975863
-19.519301 -17.224741 -19.802014
-18.032302 -18.447235 -20.180790
-18.172020 -18.771398 -18.740439
-17.116607 -18.890142 -20.220885
-17.252262 -18.551002 -20.766353
-17.166497 -18.378347 -20.889576
-18.618221 -17.743928 -19.995788
-17.948382 -18.686074 -20.128878
-19.291391 -17.504558 -19.476234
-17.607757 -18.231810 -21.558107
-17.060567 -18.250479 -21.289524
-16.602584 -18.462612 -21.259219
-17.760695 -18.937763 -19.540028
-19.060192 -17.588710 -19.828678
-19.542948 -17.634046 -18.981043
-17.700978 -18.911432 -20.074649
-18.195669 -16.981123 -21.857420
-17.504357 -19.015275 -19.950975
-17.714632 -17.059914 -21.897646
-18.649248 -18.105694 -19.345893
-16.853695 -18.686239 -20.937357
-18.202864 -18.612056 -19.594234
-17.558678 -18.379256 -20.784565
-18.332216 -18.692907 -19.338068
-16.844947 -18.124726 -21.638234
-18.562287 -17.813487 -20.383141
-19.206113 -16.962793 -21.025034
-16.988289 -18.367285 -20.950259
-18.710732 -18.037221 -19.874165
-18.121080 -18.364802 -19.791505
-19.096838 -16.888737 -21.231084
-19.120708 -17.873632 -19.316033
-18.278211 -18.317829 -19.398906
-19.497055 -17.325961 -19.665569
-18.280711 -18.175881 -19.760384
-18.976718 -17.914610 -19.042165
-18.995592 -17.662853 -19.452360
-16.661785 -18.307935 -21.752710
-18.370441 -17.975494 -20.295822
-19.133596 -17.320068 -20.110974
-19.112672 -17.437317 -20.776537
-18.217187 -17.955952 -20.340087
-17.728810 -17.185484 -21.820642
-17.386385 -17.702533 -21.802059
-17.949949 -17.701964 -21.690137
-17.422573 -18.768021 -20.148246
-18.371472 -17.851836 -20.293743
-18.406100 -18.069629 -19.737269
-17.208050 -17.800012 -21.803142
-17.650855 -17.902111 -21.252334
-19.069158 -17.576205 -20.324718
-17.529345 -18.557555 -20.763207
-18.403015 -18.193940 -19.409153
-18.591881 -18.084839 -19.541794
-17.783502 -17.862581 -21.709921
-18.144502 -18.317785 -19.935287
-19.458785 -16.939819 -20.314659
-17.117119 -18.595794 -20.772740
-17.582769 -18.689530 -20.745875
-16.987792 -18.351424 -21.316078
-18.164618 -18.764340 -19.520801
-17.488280 -17.533629 -21.791050
-17.777089 -17.113869 -21.762549
-17.468829 -18.272633 -21.275852
