-18.507961 -18.323678 -19.489882
-17.949949 -17.701964 -21.690137
-19.080217 -17.426137 -20.075924
-18.568477 -18.608600 -18.977237
-18.164618 -18.764340 -19.520801
-18.452435 -18.226678 -20.484188
-19.266629 -17.247715 -20.512389
-18.596999 -18.311744 -18.966379
-17.239609 -18.663993 -20.758828
-16.416466 -19.441724 -19.206588
-18.004422 -18.842831 -18.923172
-16.725519 -18.659591 -21.200860
-17.844018 -18.147503 -21.197276
-18.797601 -18.133302 -19.164101
-18.757810 -18.025238 -20.746659
-19.442951 -16.391239 -20.769206
-19.695046 -16.855512 -19.953828
-17.159776 -19.054766 -19.281580
-19.183306 -18.037975 -18.855141
-19.096838 -16.888737 -21.231084
-18.458847 -17.576878 -21.075180
-18.402646 -17.987795 -21.072481
-18.933555 -17.656009 -20.898473
-18.767685 -17.329379 -21.023260
-17.760695 -18.937763 -19.540028
-19.296899 -17.591464 -18.733246
-17.880704 -18.467604 -20.300511
-17.675417 -18.395998 -21.088828
-17.124112 -18.010700 -21.686841
-19.018995 -17.712499 -19.124108
-18.876013 -17.807557 -19.959001
-18.159288 -18.288872 -20.026009
-19.551056 -16.896490 -19.679960
-18.469165 -18.184486 -20.017681
-18.480858 -17.370178 -21.516129
-16.788407 -19.238002 -19.787554
-17.700179 -18.652841 -20.052673
-17.178216 -18.945422 -20.583204
-19.549535 -17.174568 -20.613428
-19.335933 -17.263010 -19.215079
-17.783502 -17.862581 -21.709921
-17.361799 -18.811296 -20.161650
