15.761918 17.018839 22.312983
16.242295 16.617202 22.601693
16.242295 16.617202 22.601693
15.533683 17.081159 22.234448
16.209683 16.796429 22.413603
16.191353 17.011189 22.350589
16.287394 17.159957 22.154714
15.91039 17.158351 22.17078
15.970964 17.711269 22.112781
15.48167 17.257071 22.260686
15.824516 17.289719 22.191984
15.042989 17.528171 22.163106
15.669666 17.961646 21.87216
16.667738 18.338201 21.770479
16.947986 18.099969 21.822776
16.135316 18.055382 21.845295
16.575196 18.348233 21.646402
15.814571 18.988102 21.305395
15.814571 18.988102 21.305395
15.461262 19.504748 19.626538
14.913893 19.525227 19.646524
14.913893 19.525227 19.646524
15.478086 19.356961 19.843452
15.478086 19.356961 19.843452
14.913893 19.525227 19.646524
15.461262 19.504748 19.626538
15.36659 19.811058 19.028868
15.586703 19.567864 19.306061
17.128252 17.093812 22.112051
17.271458 16.319745 22.494778
17.108861 16.844639 22.393436
15.830541 16.706316 22.44282
16.860874 17.117661 22.117772
16.572004 17.127086 21.99331
16.268031 17.906403 22.015514
16.493296 17.071183 22.155971
17.07731 17.487799 21.860947
16.691082 17.517156 21.983727
16.92145 17.699867 21.956436
16.291375 17.085358 22.228762
16.268031 17.906403 22.015514
17.124112 18.0107 21.686841
16.268031 17.906403 22.015514
16.206752 18.989011 21.200384
16.687129 18.587374 21.489094
16.948367 18.379929 21.535027
16.187361 18.739838 21.481769
16.549774 19.02882 21.049046
16.294948 18.586465 21.594105
16.487381 19.030739 20.964932
16.860171 18.782475 21.141306
17.607757 18.23181 21.558107
16.886197 18.69078 20.775486
15.814571 18.988102 21.305395
16.294948 18.586465 21.594105
16.311092 19.321107 20.100618
17.248006 18.39087 21.305939
16.311092 19.321107 20.100618
17.071051 18.978617 20.287246
16.695165 19.023689 20.02859
15.586703 19.567864 19.306061
17.074922 19.022925 19.913369
16.020009 19.604522 18.96979
16.020009 19.604522 18.96979
16.329886 19.500136 18.961462
17.304321 19.265264 19.623666
15.36659 19.811058 19.028868
17.108861 16.844639 22.393436
17.816527 16.89101 21.886637
17.488003 16.934752 22.364219
17.949949 17.701964 21.690137
17.488003 16.934752 22.364219
16.348236 17.484508 22.052429
17.039449 18.048507 21.694694
17.886785 16.877296 21.901033
16.92145 17.699867 21.956436
17.340548 18.380838 21.430016
16.948367 18.379929 21.535027
16.549774 19.02882 21.049046
16.967758 18.629102 21.253642
16.967758 18.629102 21.253642
17.228615 18.141697 21.587324
17.783371 18.511088 20.943597
16.967758 18.629102 21.253642
17.668795 17.738219 21.525603
16.569165 19.277993 20.767661
17.674952 18.598161 19.947642
17.114482 18.593766 21.135054
17.646597 18.542562 20.48975
16.180205 19.526031 19.567419
16.180205 19.526031 19.567419
17.727726 18.907266 19.940295
16.416466 19.441724 19.206588
17.250041 19.079155 19.745719
16.380807 19.347589 19.765141
17.504357 19.015275 19.950975
17.753363 16.066342 22.097533
17.788005 17.187866 21.897495
17.834116 16.437254 21.902341
18.074923 16.687986 21.358764
17.76013 17.976167 21.046284
18.697294 17.740316 21.259304
18.113593 17.161796 21.341423
18.79542 17.51584 20.521762
17.822342 18.173333 20.641564
17.695712 18.418281 21.104194
17.491966 17.914097 21.659832
17.867422 17.623742 21.761833
17.869667 18.236461 20.441581
18.75781 18.025238 20.746659
17.695712 18.418281 21.104194
18.232904 18.268793 20.378512
17.628405 18.771581 20.139766
18.152311 17.977076 20.941273
17.862833 18.620828 19.881673
17.721132 18.538277 20.39938
18.070572 18.833377 19.5317
16.744398 19.357765 19.764347
18.489062 18.334415 19.185667
17.86997 19.011819 19.333978
18.164618 18.76434 19.520801
18.070572 18.833377 19.5317
17.834311 18.917684 19.892531
18.154492 18.594538 19.583612
18.164618 18.76434 19.520801
18.568477 18.6086 18.977237
16.329886 19.500136 18.961462
17.633709 19.096126 19.694809
18.264122 16.964319 21.293685
19.003451 16.65196 21.294629
19.030368 17.332022 20.87322
19.206113 16.962793 21.025034
18.3982 17.940463 20.821501
18.469165 18.184486 20.017681
18.44914 18.347059 19.770435
18.563211 18.115449 20.006782
18.283436 18.338644 19.915794
18.469165 18.184486 20.017681
18.685401 18.262752 19.409604
18.48595 18.530378 19.048933
19.442951 16.391239 20.769206
19.659387 16.761377 20.512381
19.240289 16.080406 21.038801
18.654532 15.973956 21.471197
19.692986 16.366237 20.421145
19.206113 16.962793 21.025034
19.261718 17.71223 19.650041
18.763813 17.937007 20.204504
19.266629 17.247715 20.512389
18.876013 17.807557 19.959001
18.982136 17.589 19.749126
18.939856 17.561923 20.061029
18.148984 18.507632 20.3266
18.581365 18.055036 19.772178
18.6559 18.050751 19.681808
18.702929 18.439612 18.566431
18.797601 18.133302 19.164101
18.60384 18.32443 18.931448
18.780598 18.282899 19.235756
19.183306 18.037975 18.855141
18.068231 18.13672 20.521792
19.318563 16.417403 20.62142
19.422874 16.384444 20.819322
19.179191 17.634008 19.721737
19.731581 16.711253 19.927798
19.442951 16.391239 20.769206
19.116229 17.13791 20.949699
18.944431 17.749177 19.478218
18.563211 18.115449 20.006782
18.906554 17.674787 19.975863
18.763813 17.937007 20.204504
19.183306 18.037975 18.855141
19.045786 17.689791 19.661081
19.183306 18.037975 18.855141
19.183306 18.037975 18.855141
19.100779 17.959753 18.926837
19.12757 17.937045 19.46381
19.63931 16.754582 20.562497
19.47655 15.996099 20.67797
19.096838 16.888737 21.231084
19.895648 16.67707 20.15155
19.303315 17.567816 19.615624
18.828807 17.780557 20.143583
19.417811 17.37254 18.934662
18.797601 18.133302 19.164101
18.685401 18.262752 19.409604
18.947045 18.122282 19.215972
18.685401 18.262752 19.409604
18.375524 18.367138 19.417932
19.902871 15.846692 20.025284
19.898007 16.499909 19.725306
19.895648 16.67707 20.15155
19.471916 17.319321 19.724072
19.261718 17.71223 19.650041
19.37379 17.543797 20.461614
18.941741 17.797737 19.660929
19.37379 17.543797 20.461614
18.959933 17.568718 20.010913
19.500338 17.450762 18.862966
19.422874 16.384444 20.819322
19.580975 17.087122 19.717481
19.902871 15.846692 20.025284
19.719903 17.046299 19.999736
19.502457 17.186551 19.740934
19.718693 17.264817 19.132857
18.763813 17.937007 20.204504
19.500338 17.450762 18.862966
19.417811 17.37254 18.934662
19.895648 16.67707 20.15155
18.96707 17.959709 19.463218
19.611572 17.181412 19.167315
19.598116 17.107559 19.464081
19.549535 17.174568 20.613428
19.555836 17.080482 19.775984
20.154775 15.937959 18.529727
19.549535 17.174568 20.613428
19.611572 17.181412 19.167315
19.895648 16.67707 20.15155
19.718693 17.264817 19.132857
20.048147 16.560792 18.841018
20.045788 16.737953 19.267262
19.731115 17.148005 18.833193
19.78945 16.815465 19.678209
20.154775 15.937959 18.529727
19.964227 16.799631 18.789106
20.026288 16.243911 19.422381
19.585771 16.781456 20.159878
20.045788 16.737953 19.267262
19.809527 16.82226 19.628093
20.09838 16.705621 18.483374
19.78945 16.815465 19.678209
20.045788 16.737953 19.267262
20.22443 15.572251 18.049464
19.731581 16.711253 19.927798
20.048147 16.560792 18.841018
20.274663 15.71708 17.69182
19.781348 17.292834 18.475549
19.731115 17.148005 18.833193
19.502457 17.186551 19.740934
20.212008 15.689063 18.349128
20.045788 16.737953 19.267262
20.274663 15.71708 17.69182
20.277558 14.761517 17.88087
20.127809 16.136148 18.729014
20.22443 15.572251 18.049464
19.809527 16.82226 19.628093
20.22443 15.572251 18.049464
20.053011 15.907575 19.140996
19.918705 16.395272 19.570737
20.064104 15.541209 18.767444
20.242649 15.511177 18.166311
20.242649 15.511177 18.166311
20.065713 16.210916 18.489738
20.274663 15.71708 17.69182
19.870043 17.107182 19.115448
20.22443 15.572251 18.049464
20.212008 15.689063 18.349128
20.277558 14.761517 17.88087
20.127809 16.136148 18.729014
20.351636 14.711183 17.428776
20.212008 15.689063 18.349128
19.918705 16.395272 19.570737
20.07429 15.511368 18.933752
20.242649 15.511177 18.166311
20.242649 15.511177 18.166311
20.065713 16.210916 18.489738
19.95524 16.251013 19.544707
20.065713 16.210916 18.489738
20.026288 16.243911 19.422381
19.78945 16.815465 19.678209
18.196383 16.915943 21.310618
