16.242295 16.617202 22.601693
14.913033 16.872866 22.399973
15.830541 16.706316 22.44282
15.818563 17.259453 22.174215
15.818563 17.259453 22.174215
15.352913 17.165717 22.20108
15.536765 18.003872 21.778475
16.747645 18.872296 20.976449
16.885222 18.839309 20.484365
15.461262 19.504748 19.626538
16.223106 19.398072 19.413066
15.461262 19.504748 19.626538
15.36659 19.811058 19.028868
15.825725 16.991622 22.255627
15.509848 17.32381 22.199884
16.291375 17.085358 22.228762
16.854224 16.993719 21.989328
16.548279 17.668171 22.067811
16.739454 17.263755 21.969639
16.940841 17.94904 21.675051
16.667738 18.338201 21.770479
16.762553 17.252696 22.12968
16.294948 18.586465 21.594105
16.54866 17.948131 21.780062
17.045154 17.399289 21.837949
16.46799 18.781566 21.246317
16.883838 18.867941 21.20173
17.228615 18.141697 21.587324
17.269608 18.579715 20.445918
16.883838 18.867941 21.20173
16.883838 18.867941 21.20173
16.886197 18.69078 20.775486
17.248006 18.39087 21.305939
16.311092 19.321107 20.100618
16.744398 19.357765 19.764347
15.586703 19.567864 19.306061
17.500376 19.089874 19.876927
17.074922 19.022925 19.913369
15.36659 19.811058 19.028868
17.071051 18.978617 20.287246
16.020009 19.604522 18.96979
15.567192 19.632616 19.22659
17.271458 16.319745 22.494778
17.271458 16.319745 22.494778
17.108861 16.844639 22.393436
16.268031 17.906403 22.015514
18.278196 17.059345 21.785724
16.736071 17.092903 22.217062
16.296191 16.800052 22.415955
16.54866 17.948131 21.780062
18.195669 16.981123 21.85742
17.309368 17.549774 21.576866
16.691082 17.517156 21.983727
17.053966 18.308844 21.647699
17.756188 17.893092 21.457484
16.92145 17.699867 21.956436
17.340548 18.380838 21.430016
16.83753 17.938706 21.904524
16.948367 18.379929 21.535027
16.92145 17.699867 21.956436
16.321955 18.420884 21.494671
18.345104 18.139343 20.133009
16.864447 18.618768 21.483115
16.454591 17.904228 21.919658
17.695712 18.418281 21.104194
18.212827 18.261998 20.428628
16.967758 18.629102 21.253642
17.627148 18.480983 21.276722
17.607757 18.23181 21.558107
17.946322 18.196799 20.596195
17.839107 18.612018 20.334928
16.569165 19.277993 20.767661
16.380807 19.347589 19.765141
16.180205 19.526031 19.567419
17.51913 18.697525 20.345816
16.329886 19.500136 18.961462
18.148984 18.507632 20.3266
16.744398 19.357765 19.764347
16.180205 19.526031 19.567419
17.002471 19.314651 20.43139
17.814234 18.910889 19.942647
18.332216 18.692907 19.338068
17.978259 18.962526 18.507786
17.724841 16.363198 22.108391
17.753363 16.066342 22.097533
17.671165 16.751543 22.249743
17.89728 17.261922 21.691445
17.816527 16.89101 21.886637
17.733213 17.296105 21.467693
17.834116 16.437254 21.902341
17.76013 17.976167 21.046284
17.733213 17.296105 21.467693
17.488003 16.934752 22.364219
18.68322 17.64529 20.767265
18.305113 17.739407 21.364315
17.756149 18.050766 20.972236
16.948367 18.379929 21.535027
18.232904 18.268793 20.378512
18.507475 18.014519 20.615451
17.849236 18.251822 20.429422
18.122067 17.82757 20.748009
17.695712 18.418281 21.104194
18.507475 18.014519 20.615451
18.208846 18.336597 20.35458
17.646597 18.542562 20.48975
18.763813 17.937007 20.204504
18.44914 18.347059 19.770435
17.783371 18.511088 20.943597
17.633709 19.096126 19.694809
16.380807 19.347589 19.765141
17.814234 18.910889 19.942647
18.164618 18.76434 19.520801
18.070572 18.833377 19.5317
16.329886 19.500136 18.961462
17.834311 18.917684 19.892531
18.780598 18.282899 19.235756
17.86997 19.011819 19.333978
19.240289 16.080406 21.038801
18.768291 17.495635 20.656228
18.568699 17.163687 20.974133
19.442951 16.391239 20.769206
19.003451 16.65196 21.294629
18.469165 18.184486 20.017681
18.05504 17.914926 20.834454
18.763813 17.937007 20.204504
18.563211 18.115449 20.006782
18.232904 18.268793 20.378512
18.855936 17.800762 20.009117
18.283436 18.338644 19.915794
18.682252 17.998685 19.726348
18.865484 18.18396 18.737816
18.56987 18.291539 19.100845
18.368556 16.068218 21.321848
18.478787 16.343185 21.319383
19.157354 17.173659 20.718439
19.206113 16.962793 21.025034
18.743736 17.930212 20.25462
19.549535 17.174568 20.613428
18.959933 17.568718 20.010913
18.763813 17.937007 20.204504
19.12757 17.937045 19.46381
18.743736 17.930212 20.25462
18.070572 18.833377 19.5317
18.283436 18.338644 19.915794
18.797601 18.133302 19.164101
18.44914 18.347059 19.770435
18.070572 18.833377 19.5317
19.456148 16.937791 20.676973
19.555836 17.080482 19.775984
18.453936 18.041393 20.212832
19.261718 17.71223 19.650041
19.454665 17.410181 19.598215
18.746661 17.726706 20.215167
18.675411 17.985999 19.761279
19.179191 17.634008 19.721737
18.634461 17.856156 20.46067
18.675411 17.985999 19.761279
18.743736 17.930212 20.25462
19.183306 18.037975 18.855141
18.685401 18.262752 19.409604
19.239712 16.567653 20.933798
19.895648 16.67707 20.15155
19.692986 16.366237 20.421145
19.471916 17.319321 19.724072
19.303315 17.567816 19.615624
18.959933 17.568718 20.010913
19.500338 17.450762 18.862966
18.876013 17.807557 19.959001
17.948382 18.686074 20.128878
19.261718 17.71223 19.650041
18.944431 17.749177 19.478218
18.947045 18.122282 19.215972
19.47655 15.996099 20.67797
19.500338 17.450762 18.862966
19.611572 17.181412 19.167315
19.500338 17.450762 18.862966
19.303315 17.567816 19.615624
19.661169 17.071463 19.981134
19.611572 17.181412 19.167315
19.183306 18.037975 18.855141
19.895648 16.67707 20.15155
19.266629 17.247715 20.512389
19.659387 16.761377 20.512381
19.37379 17.543797 20.461614
19.719903 17.046299 19.999736
19.731581 16.711253 19.927798
19.611572 17.181412 19.167315
18.96707 17.959709 19.463218
19.454665 17.410181 19.598215
19.183306 18.037975 18.855141
19.611572 17.181412 19.167315
18.96707 17.959709 19.463218
19.731581 16.711253 19.927798
19.555836 17.080482 19.775984
19.502457 17.186551 19.740934
19.611572 17.181412 19.167315
20.045788 16.737953 19.267262
19.611572 17.181412 19.167315
19.870043 17.107182 19.115448
19.549535 17.174568 20.613428
19.303315 17.567816 19.615624
19.461164 17.386792 19.178314
19.731581 16.711253 19.927798
19.731115 17.148005 18.833193
19.809527 16.82226 19.628093
19.585771 16.781456 20.159878
19.870043 17.107182 19.115448
19.718693 17.264817 19.132857
19.731581 16.711253 19.927798
19.78945 16.815465 19.678209
19.964227 16.799631 18.789106
20.045788 16.737953 19.267262
20.048147 16.560792 18.841018
19.809527 16.82226 19.628093
20.154775 15.937959 18.529727
19.870043 17.107182 19.115448
20.22443 15.572251 18.049464
20.026288 16.243911 19.422381
19.809527 16.82226 19.628093
20.026288 16.243911 19.422381
19.731115 17.148005 18.833193
20.351636 14.711183 17.428776
20.22443 15.572251 18.049464
20.045788 16.737953 19.267262
20.048147 16.560792 18.841018
20.22443 15.572251 18.049464
20.045788 16.737953 19.267262
20.22443 15.572251 18.049464
20.053011 15.907575 19.140996
20.274663 15.71708 17.69182
19.918705 16.395272 19.570737
20.212008 15.689063 18.349128
20.212008 15.689063 18.349128
20.127809 16.136148 18.729014
20.274663 15.71708 17.69182
20.242649 15.511177 18.166311
20.053011 15.907575 19.140996
20.127809 16.136148 18.729014
19.95524 16.251013 19.544707
19.918705 16.395272 19.570737
20.065713 16.210916 18.489738
20.277558 14.761517 17.88087
20.274663 15.71708 17.69182
20.242649 15.511177 18.166311
20.242649 15.511177 18.166311
20.242649 15.511177 18.166311
18.941007 17.651107 19.89808
