-18.675283 -17.947016 -20.818355
-17.886813 -17.872915 -21.480448
-19.112672 -17.437317 -20.776537
-18.276690 -18.595907 -20.332374
-16.863826 -18.668247 -20.804994
-19.096838 -16.888737 -21.231084
-17.921526 -18.558464 -20.658196
-18.202864 -18.612056 -19.594234
-19.375311 -17.265719 -19.528146
-18.874099 -16.571109 -21.550795
-18.926968 -18.115487 -19.266088
-19.110937 -15.999555 -21.294967
-17.158474 -18.420768 -20.991817
-16.783919 -18.134152 -21.599024
-17.443841 -18.730353 -20.463620
-19.859980 -17.046833 -18.988868
-18.226701 -18.065152 -20.569415
-17.704959 -18.836833 -20.148697
-19.313274 -17.258875 -20.974259
-18.570836 -18.431439 -18.550993
-19.799464 -16.761911 -19.501513
-19.542948 -17.634046 -18.981043
-16.551143 -19.159032 -18.716499
-19.185665 -17.860814 -18.428897
-18.070572 -18.833377 -19.531700
-18.325027 -18.132548 -20.183125
-17.999938 -18.232719 -21.453096
-17.949949 -17.701964 -21.690137
-18.697294 -17.740316 -21.259304
-18.717696 -16.798624 -21.260301
-18.733530 -17.347204 -20.805754
-18.652397 -18.369761 -19.029149
-18.565929 -17.220523 -21.405092
-19.373790 -17.543797 -20.461614
-17.869970 -19.011819 -19.333978
-18.787483 -17.817566 -20.572852
-19.173188 -17.722239 -20.263892
-17.037631 -17.495818 -21.784981
-18.332216 -18.692907 -19.338068
-19.478479 -17.133881 -19.444329
-18.851605 -17.090540 -21.075172
-19.034260 -17.763062 -19.981637
-18.320119 -17.909573 -21.144177
-18.730809 -18.044016 -19.824049
-18.039055 -17.977619 -21.073275
-19.077338 -16.394695 -21.386203
-16.864447 -18.618768 -21.483115
-19.719903 -17.046299 -19.999736
-18.305113 -17.739407 -21.364315
