15.104794 17.3165 22.026566
16.242295 16.617202 22.601693
15.830541 16.706316 22.44282
15.815814 17.201689 22.127245
15.728646 16.87522 22.453829
15.711769 17.309635 22.127093
15.728646 16.87522 22.453829
15.063649 17.32303 22.028295
16.299764 18.301159 21.781298
15.814571 18.988102 21.305395
16.311092 19.321107 20.100618
15.586703 19.567864 19.306061
15.586703 19.567864 19.306061
16.311092 19.321107 20.100618
16.020009 19.604522 18.96979
17.06707 19.053216 20.213198
15.36659 19.811058 19.028868
16.020009 19.604522 18.96979
17.108861 16.844639 22.393436
17.271458 16.319745 22.494778
16.736071 17.092903 22.217062
16.572004 17.127086 21.99331
17.108861 16.844639 22.393436
16.296191 16.800052 22.415955
16.661785 18.307935 21.75271
17.128252 17.093812 22.112051
16.948367 18.379929 21.535027
16.341969 17.461353 21.978911
16.268031 17.906403 22.015514
16.672554 18.052895 21.957672
16.984582 18.481315 21.470556
16.661785 18.307935 21.75271
16.549774 19.02882 21.049046
16.46799 18.781566 21.246317
16.46799 18.781566 21.246317
16.681176 18.557108 21.471325
17.867422 17.623742 21.761833
16.967758 18.629102 21.253642
16.709685 18.672216 20.586599
16.602098 18.825589 20.474263
18.012791 18.511987 20.101319
17.169594 18.716615 20.511039
17.248006 18.39087 21.305939
17.071051 18.978617 20.287246
16.569165 19.277993 20.767661
16.311092 19.321107 20.100618
16.311092 19.321107 20.100618
17.098284 19.133616 19.779226
15.461262 19.504748 19.626538
15.461262 19.504748 19.626538
15.586703 19.567864 19.306061
16.744398 19.357765 19.764347
16.180205 19.526031 19.567419
16.329886 19.500136 18.961462
17.06707 19.053216 20.213198
17.040207 19.137959 19.433451
17.364295 16.936741 22.110075
17.488003 16.934752 22.364219
17.733995 16.313468 22.036846
16.489931 16.558197 22.4659
17.128252 17.093812 22.112051
17.816527 16.89101 21.886637
16.860874 17.117661 22.117772
17.108861 16.844639 22.393436
16.70452 17.736063 21.684573
17.488003 16.934752 22.364219
16.92145 17.699867 21.956436
17.135778 17.524701 21.972027
16.854312 17.833121 21.651674
17.607757 18.23181 21.558107
17.663367 17.62997 21.90782
16.948367 18.379929 21.535027
17.401064 18.66576 20.917371
16.948367 18.379929 21.535027
17.646597 18.542562 20.48975
17.721132 18.538277 20.39938
17.002471 19.314651 20.43139
16.380807 19.347589 19.765141
17.114482 18.593766 21.135054
16.380807 19.347589 19.765141
16.416466 19.441724 19.206588
17.948382 18.686074 20.128878
16.380807 19.347589 19.765141
18.332216 18.692907 19.338068
17.494948 18.440484 20.506506
17.633709 19.096126 19.694809
17.250041 19.079155 19.745719
17.807368 16.44142 22.036695
17.753363 16.066342 22.097533
17.83589 16.144564 22.025837
17.488003 16.934752 22.364219
17.949949 17.701964 21.690137
17.871457 18.049052 21.256008
18.3982 17.940463 20.821501
18.507475 18.014519 20.615451
17.340548 18.380838 21.430016
18.222586 17.661185 21.436011
18.152311 17.977076 20.941273
17.695712 18.418281 21.104194
17.357372 18.233051 21.64693
18.232904 18.268793 20.378512
18.3982 17.940463 20.821501
17.646597 18.542562 20.48975
18.614767 17.662094 21.331
18.345104 18.139343 20.133009
17.725948 18.252971 20.586573
17.756149 18.050766 20.972236
18.232904 18.268793 20.378512
17.721132 18.538277 20.39938
17.264814 18.761405 20.14056
18.148984 18.507632 20.3266
17.834311 18.917684 19.892531
17.946322 18.196799 20.596195
18.429063 18.340264 19.820551
16.180205 19.526031 19.567419
17.834311 18.917684 19.892531
18.070572 18.833377 19.5317
18.541782 16.483625 21.395542
18.654532 15.973956 21.471197
17.834116 16.437254 21.902341
18.200958 16.139651 21.504581
19.003451 16.65196 21.294629
18.959933 17.568718 20.010913
19.313274 17.258875 20.974259
18.959933 17.568718 20.010913
18.507475 18.014519 20.615451
18.563211 18.115449 20.006782
18.44914 18.347059 19.770435
18.148984 18.507632 20.3266
18.743736 17.930212 20.25462
18.44914 18.347059 19.770435
18.44914 18.347059 19.770435
18.685401 18.262752 19.409604
18.563211 18.115449 20.006782
18.780598 18.282899 19.235756
18.164618 18.76434 19.520801
19.206113 16.962793 21.025034
19.47655 15.996099 20.67797
19.179191 17.634008 19.721737
19.261718 17.71223 19.650041
18.469165 18.184486 20.017681
18.3982 17.940463 20.821501
18.763813 17.937007 20.204504
18.793486 17.729335 20.030697
18.982136 17.589 19.749126
18.944431 17.749177 19.478218
18.634461 17.856156 20.46067
18.947045 18.122282 19.215972
18.453936 18.041393 20.212832
19.183306 18.037975 18.855141
18.469165 18.184486 20.017681
18.60384 18.32443 18.931448
18.685401 18.262752 19.409604
18.876013 17.807557 19.959001
18.453936 18.041393 20.212832
19.206113 16.962793 21.025034
19.442951 16.391239 20.769206
19.318563 16.417403 20.62142
19.902871 15.846692 20.025284
19.261718 17.71223 19.650041
19.598116 17.107559 19.464081
18.603617 18.015498 19.606875
18.781341 18.113867 19.361331
18.603617 18.015498 19.606875
18.797601 18.133302 19.164101
18.941741 17.797737 19.660929
18.685401 18.262752 19.409604
19.442951 16.391239 20.769206
19.719903 17.046299 19.999736
19.47655 15.996099 20.67797
19.898007 16.499909 19.725306
19.12757 17.937045 19.46381
19.555836 17.080482 19.775984
19.183306 18.037975 18.855141
19.895648 16.67707 20.15155
19.611572 17.181412 19.167315
19.611572 17.181412 19.167315
18.944431 17.749177 19.478218
18.876013 17.807557 19.959001
18.484799 18.441194 19.211882
19.895648 16.67707 20.15155
19.63931 16.754582 20.562497
19.47655 15.996099 20.67797
19.096838 16.888737 21.231084
19.692986 16.366237 20.421145
19.482432 17.349124 19.493688
19.502457 17.186551 19.740934
19.555836 17.080482 19.775984
19.303315 17.567816 19.615624
19.454665 17.410181 19.598215
19.454665 17.410181 19.598215
18.941741 17.797737 19.660929
19.895648 16.67707 20.15155
19.37379 17.543797 20.461614
19.549535 17.174568 20.613428
19.870043 17.107182 19.115448
19.611572 17.181412 19.167315
18.96707 17.959709 19.463218
19.183306 18.037975 18.855141
19.718693 17.264817 19.132857
19.542948 17.634046 18.981043
19.895648 16.67707 20.15155
19.731581 16.711253 19.927798
19.611572 17.181412 19.167315
20.045788 16.737953 19.267262
19.718693 17.264817 19.132857
19.549535 17.174568 20.613428
19.502457 17.186551 19.740934
20.048147 16.560792 18.841018
19.461164 17.386792 19.178314
19.502457 17.186551 19.740934
19.611572 17.181412 19.167315
19.870043 17.107182 19.115448
19.718693 17.264817 19.132857
19.809527 16.82226 19.628093
19.95524 16.251013 19.544707
20.026288 16.243911 19.422381
19.718693 17.264817 19.132857
19.78945 16.815465 19.678209
19.731115 17.148005 18.833193
20.026288 16.243911 19.422381
19.731115 17.148005 18.833193
20.026288 16.243911 19.422381
20.154775 15.937959 18.529727
20.065713 16.210916 18.489738
19.731115 17.148005 18.833193
20.048147 16.560792 18.841018
20.048147 16.560792 18.841018
19.585771 16.781456 20.159878
20.048147 16.560792 18.841018
20.154775 15.937959 18.529727
20.045788 16.737953 19.267262
19.585771 16.781456 20.159878
20.127809 16.136148 18.729014
20.212008 15.689063 18.349128
20.026288 16.243911 19.422381
20.242649 15.511177 18.166311
20.274663 15.71708 17.69182
20.09838 16.705621 18.483374
20.158508 15.501162 18.491825
20.277558 14.761517 17.88087
19.918705 16.395272 19.570737
20.053011 15.907575 19.140996
20.212008 15.689063 18.349128
20.22443 15.572251 18.049464
20.242649 15.511177 18.166311
20.22443 15.572251 18.049464
20.351636 14.711183 17.428776
20.274663 15.71708 17.69182
20.127809 16.136148 18.729014
20.22443 15.572251 18.049464
20.351636 14.711183 17.428776
20.07429 15.511368 18.933752
20.351636 14.711183 17.428776
20.22443 15.572251 18.049464
20.065713 16.210916 18.489738
20.033511 15.413533 19.296115
19.186613 16.468751 21.180153
