-18.194906 -18.348653 -20.529645
-17.683188 -18.637740 -20.071016
-18.831289 -16.352113 -21.138406
-19.110937 -15.999555 -21.294967
-18.652954 -16.211688 -21.264662
-16.520980 -18.635599 -20.873696
-19.794236 -16.739270 -19.270490
-18.379819 -18.024309 -20.612927
-18.172020 -18.771398 -18.740439
-18.545852 -17.213728 -21.455208
-18.675204 -17.294579 -21.199042
-18.374850 -16.872513 -21.668896
-18.222586 -17.661185 -21.436011
-17.467715 -17.191944 -22.006868
-18.735720 -17.579501 -20.686397
-19.313274 -17.258875 -20.974259
-17.115490 -17.781893 -21.614676
-17.201698 -17.461635 -22.008733
-16.408969 -19.356484 -20.170032
-19.530035 -16.680526 -20.768547
-16.957665 -17.801253 -21.891965
-17.267672 -18.874774 -20.410920
-18.729308 -18.229301 -20.095405
-18.010465 -17.986886 -21.177492
-17.473513 -19.174617 -19.097180
-17.488220 -18.521806 -20.994467
-16.967758 -18.629102 -21.253642
-19.719903 -17.046299 -19.999736
-17.867422 -17.623742 -21.761833
-17.862178 -18.738278 -19.529489
-17.901021 -17.228602 -21.670597
-18.904472 -17.795366 -19.924110
-17.074922 -19.022925 -19.913369
-19.395643 -17.388161 -18.784509
-18.614767 -17.662094 -21.331000
-19.374120 -17.128982 -19.723928
-19.659387 -16.761377 -20.512381
-18.787483 -17.817566 -20.572852
-17.488003 -16.934752 -22.364219
-16.569165 -19.277993 -20.767661
-17.620796 -18.142606 -21.482313
-18.967070 -17.959709 -19.463218
-18.060454 -18.517641 -20.940451
-19.127901 -17.580410 -20.581386
