-16.703617 -19.109005 -20.356855
-18.654532 -15.973956 -21.471197
-17.488003 -16.934752 -22.364219
-20.026288 -16.243911 -19.422381
-18.799960 -17.956141 -18.737857
-16.329062 -18.822389 -20.964062
-18.780598 -18.282899 -19.235756
-17.669443 -16.305181 -22.045621
-19.895648 -16.677070 -20.151550
-16.860874 -17.117661 -22.117772
-17.044035 -18.871849 -20.365389
-19.898007 -16.499909 -19.725306
-18.763807 -16.048012 -21.265147
-19.442951 -16.391239 -20.769206
-17.134879 -18.831649 -20.031121
-16.467990 -18.781566 -21.246317
-18.417694 -16.545510 -21.727025
-19.719903 -17.046299 -19.999736
-18.341227 -18.460803 -19.247739
-17.783502 -17.862581 -21.709921
-19.661169 -17.071463 -19.981134
-19.551894 -16.997407 -20.187184
-18.060454 -18.517641 -20.940451
-18.933555 -17.656009 -20.898473
-16.998899 -18.449780 -21.072309
-16.651854 -18.870940 -20.470400
-17.862833 -18.620828 -19.881673
-16.921450 -17.699867 -21.956436
-17.076407 -18.860741 -20.533229
-17.867422 -17.623742 -21.761833
-18.278211 -18.317829 -19.398906
-18.280711 -18.175881 -19.760384
-17.468829 -18.272633 -21.275852
-19.484338 -17.202509 -19.424408
-19.030368 -17.332022 -20.873220
-16.441073 -18.101504 -21.667726
-18.164618 -18.764340 -19.520801
-17.886785 -16.877296 -21.901033
-18.870391 -16.831341 -21.109369
-17.488963 -18.352774 -21.120042
-17.802865 -17.116135 -21.849121
-19.173188 -17.722239 -20.263892
-17.580840 -17.551748 -21.979516
-18.787483 -17.817566 -20.572852
-18.320119 -17.909573 -21.144177
-19.814087 -16.738748 -19.673394
-18.542525 -17.744284 -20.840535
-18.010465 -17.986886 -21.177492
-18.455298 -18.229193 -19.484086
-19.549535 -17.174568 -20.613428
-18.276690 -18.595907 -20.332374
-19.206113 -16.962793 -21.025034
-17.391080 -18.450689 -20.967298
-19.344137 -17.658676 -19.973309
-17.843384 -18.559249 -20.668645
-19.313274 -17.258875 -20.974259
-19.375311 -17.265719 -19.528146
-19.018626 -17.506354 -20.787436
-17.215335 -18.819918 -20.815484
-16.860171 -18.782475 -21.141306
-19.809527 -16.822260 -19.628093
-18.635169 -16.720402 -21.331997
-18.757810 -18.025238 -20.746659
-18.107946 -17.432656 -21.374787
-18.480858 -17.370178 -21.516129
-18.482009 -17.459362 -21.353180
-18.565929 -17.220523 -21.405092
-18.356596 -18.116075 -20.292794
-17.642720 -18.864022 -19.604480
-17.533445 -18.789966 -19.810530
-18.655900 -18.050751 -19.681808
-18.622803 -18.098409 -19.870496
-18.216174 -18.310985 -20.845019
-18.826971 -16.872680 -21.054251
-18.594451 -16.923667 -21.394234
-19.112672 -17.437317 -20.776537
-18.744444 -16.794458 -21.125947
-18.195669 -16.981123 -21.857420
-19.234862 -17.584620 -20.179359
-17.999938 -18.232719 -21.453096
-17.228615 -18.141697 -21.587324
-18.279347 -17.148529 -21.622775
-18.730809 -18.044016 -19.824049
-17.979622 -17.494292 -21.516330
-17.921526 -18.558464 -20.658196
-17.620796 -18.142606 -21.482313
-18.697294 -17.740316 -21.259304
-17.607757 -18.231810 -21.558107
-19.127901 -17.580410 -20.581386
-17.949949 -17.701964 -21.690137
-17.529345 -18.557555 -20.763207
-19.373790 -17.543797 -20.461614
-18.818024 -17.684796 -20.589714
-18.398331 -17.291956 -21.587825
-17.983548 -17.306824 -21.598901
-18.103683 -17.539435 -21.401002
-19.262576 -17.720354 -19.495153
-18.402646 -17.987795 -21.072481
-18.412027 -18.107921 -20.470851
-17.451596 -18.735611 -20.454653
