-17.248006 -18.390870 -21.305939
-19.611572 -17.181412 -19.167315
-17.764002 -17.368539 -21.865040
-17.959116 -18.141859 -21.095411
-19.101522 -17.790721 -19.052412
-18.276690 -18.595907 -20.332374
-17.865920 -17.695934 -21.511959
-18.172020 -18.771398 -18.740439
-19.719903 -17.046299 -19.999736
-19.530035 -16.680526 -20.768547
-17.473513 -19.174617 -19.097180
-17.002471 -19.314651 -20.431390
-17.440489 -18.637255 -20.698422
-18.568477 -18.608600 -18.977237
-17.619194 -18.664178 -20.271920
-18.060454 -18.517641 -20.940451
-17.760695 -18.937763 -19.540028
-19.018626 -17.506354 -20.787436
-19.373790 -17.543797 -20.461614
-18.202864 -18.612056 -19.594234
-18.648555 -17.858389 -20.290597
-17.426484 -18.785756 -20.212557
-18.402646 -17.987795 -21.072481
-19.105074 -17.616924 -20.121832
-18.620033 -18.155245 -20.301455
-18.702929 -18.439612 -18.566431
-19.955240 -16.251013 -19.544707
-18.726967 -17.532644 -21.085497
-16.920687 -19.067397 -20.628661
-18.380763 -18.233478 -19.574456
-17.304321 -19.265264 -19.623666
-18.816522 -17.993101 -18.444536
-19.212979 -17.830303 -18.681334
-18.462509 -16.965320 -21.508299
-20.035725 -16.677604 -19.140682
