-18.419431 -18.333687 -20.103733
-18.818024 -17.684796 -20.589714
-19.212979 -17.830303 -18.681334
-19.313274 -17.258875 -20.974259
-17.439860 -18.804952 -20.389572
-17.640462 -18.626510 -20.587294
-19.731674 -16.708660 -18.953674
-18.928119 -18.204671 -19.103139
-18.060454 -18.517641 -20.940451
-18.702929 -18.439612 -18.566431
-19.549535 -17.174568 -20.613428
-18.697294 -17.740316 -21.259304
-18.634130 -16.915648 -21.470200
-19.373790 -17.543797 -20.461614
-18.402646 -17.987795 -21.072481
-16.941955 -19.029729 -20.944035
-19.895648 -16.677070 -20.151550
-18.332216 -18.692907 -19.338068
-17.872608 -18.138236 -21.093059
-18.004422 -18.842831 -18.923172
-17.002471 -19.314651 -20.431390
-17.500376 -19.089874 -19.876927
-17.844615 -18.698924 -19.591940
-17.727726 -18.907266 -19.940295
-19.497055 -17.325961 -19.665569
-18.620402 -18.361390 -18.638127
-18.452435 -18.226678 -20.484188
-18.276690 -18.595907 -20.332374
-19.449667 -17.362028 -18.714923
-18.565929 -17.220523 -21.405092
-18.757810 -18.025238 -20.746659
-17.405776 -17.951706 -21.520674
-17.340548 -18.380838 -21.430016
-17.783502 -17.862581 -21.709921
-18.967070 -17.959709 -19.463218
-17.869970 -19.011819 -19.333978
-17.401064 -18.665760 -20.917371
-19.261718 -17.712230 -19.650041
