-16.150067 -18.597022 -21.294081
-17.108861 -16.844639 -22.393436
-16.311092 -19.321107 -20.100618
-20.242649 -15.511177 -18.166311
-20.052902 -15.662706 -19.014730
-17.753363 -16.066342 -22.097533
-19.267716 -17.689276 -18.235034
-19.212979 -17.830303 -18.681334
-18.973545 -17.980850 -19.183930
-16.714274 -17.324311 -22.187773
-17.067070 -19.053216 -20.213198
-16.569165 -19.277993 -20.767661
-18.432507 -16.409569 -21.601592
-16.548660 -17.948131 -21.780062
-16.883838 -18.867941 -21.201730
-19.731115 -17.148005 -18.833193
-18.278211 -18.317829 -19.398906
-19.659387 -16.761377 -20.512381
-17.999938 -18.232719 -21.453096
-19.955240 -16.251013 -19.544707
-19.326021 -16.193576 -20.725708
-19.692986 -16.366237 -20.421145
-18.518735 -18.126743 -19.011860
-19.922262 -16.095865 -19.743899
-18.195669 -16.981123 -21.857420
-19.497055 -17.325961 -19.665569
-18.894176 -16.577904 -21.500679
-20.026288 -16.243911 -19.422381
-17.169594 -18.716615 -20.511039
-19.895648 -16.677070 -20.151550
-19.112672 -17.437317 -20.776537
-17.627148 -18.480983 -21.276722
-19.835231 -16.721172 -18.784224
-19.034260 -17.763062 -19.981637
-19.789450 -16.815465 -19.678209
-17.488003 -16.934752 -22.364219
-18.921093 -17.257966 -21.079270
-16.661785 -18.307935 -21.752710
-18.818024 -17.684796 -20.589714
-17.336720 -18.646948 -20.498078
-19.296899 -17.591464 -18.733246
-18.134390 -18.063731 -21.042290
-17.834311 -18.917684 -19.892531
-19.410026 -17.150685 -20.008064
-18.478813 -18.139387 -19.596628
-17.467715 -17.191944 -22.006868
-16.598621 -17.483267 -21.963606
-17.921526 -18.558464 -20.658196
-19.173188 -17.722239 -20.263892
-18.971347 -17.906940 -19.796935
-17.524434 -19.022070 -19.900859
-19.373790 -17.543797 -20.461614
-18.365327 -17.398965 -21.207370
-19.030368 -17.332022 -20.873220
-19.456148 -16.937791 -20.676973
-17.271653 -18.800175 -20.484968
-17.696863 -18.507465 -20.941245
-16.984543 -18.974994 -20.284894
-17.383795 -17.430783 -21.954956
-18.622803 -18.098409 -19.870496
-16.948367 -18.379929 -21.535027
-18.276690 -18.595907 -20.332374
-17.088573 -17.101831 -22.036085
-18.594451 -16.923667 -21.394234
-19.719903 -17.046299 -19.999736
-17.901021 -17.228602 -21.670597
-19.011433 -17.799576 -19.522083
-18.330612 -16.578473 -21.612601
-17.248006 -18.390870 -21.305939
-18.305113 -17.739407 -21.364315
-17.788005 -17.187866 -21.897495
-18.565243 -17.462901 -21.173823
-18.222586 -17.661185 -21.436011
-18.384718 -17.648138 -20.925985
-18.562287 -17.813487 -20.383141
-18.730809 -18.044016 -19.824049
-18.060454 -18.517641 -20.940451
-16.986678 -17.270735 -22.047094
-16.967758 -18.629102 -21.253642
-17.228615 -18.141697 -21.587324
-19.003451 -16.651960 -21.294629
-19.240289 -16.080406 -21.038801
-18.655877 -16.728472 -21.317807
-17.886785 -16.877296 -21.901033
-17.494632 -17.872006 -21.585459
-18.674358 -17.457762 -20.600204
-17.548736 -18.806728 -20.481822
-16.681176 -18.557108 -21.471325
-17.507643 -16.787183 -21.930250
-17.867422 -17.623742 -21.761833
-19.313274 -17.258875 -20.974259
-17.208050 -17.800012 -21.803142
-18.041048 -17.299097 -21.439903
-18.862072 -17.832884 -20.002985
-17.039449 -18.048507 -21.694694
-18.334786 -17.531735 -21.190508
-17.600231 -17.800921 -21.698131
-17.577159 -17.950228 -21.513763
-18.720491 -17.436408 -20.881548
-16.921450 -17.699867 -21.956436
