-17.471031 -15.827284 -21.986556
-19.435565 -17.375517 -18.199741
-17.002471 -19.314651 -20.431390
-19.898007 -16.499909 -19.725306
-15.725703 -16.917453 -22.377454
-18.524630 -16.273324 -21.406205
-19.834158 -16.726626 -18.685722
-19.716879 -16.792669 -18.938835
-18.819585 -17.856958 -18.484786
-15.779599 -17.100303 -22.191716
-16.389578 -19.107311 -20.451417
-16.163267 -17.117274 -22.140806
-18.441264 -18.270844 -19.088740
-17.439860 -18.804952 -20.389572
-16.273829 -16.698787 -22.310765
-19.497055 -17.325961 -19.665569
-18.055978 -18.389476 -20.247390
-19.636909 -17.017563 -19.330128
-18.883434 -17.630241 -19.524370
-16.560411 -16.770781 -22.093082
-16.549774 -19.028820 -21.049046
-18.077811 -18.326633 -19.232397
-18.754485 -17.986257 -19.890649
-17.742757 -18.674063 -19.445481
-16.441073 -18.101504 -21.667726
-16.725519 -18.659591 -21.200860
-17.810069 -18.518882 -21.029274
-19.156369 -16.319245 -20.986889
-16.754866 -16.619996 -22.270539
-17.340548 -18.380838 -21.430016
-18.614767 -17.662094 -21.331000
-18.235625 -17.571981 -21.360217
-18.111749 -17.219962 -21.805508
-18.195669 -16.981123 -21.857420
-17.921526 -18.558464 -20.658196
-18.751295 -16.403484 -21.169065
-16.941955 -19.029729 -20.944035
-17.237128 -18.125635 -21.533223
-17.053966 -18.308844 -21.647699
-19.348933 -17.353010 -20.415706
-19.234862 -17.584620 -20.179359
-16.522857 -18.348758 -21.470455
-17.480266 -18.705001 -19.989665
-17.447712 -18.774661 -20.089743
-18.398331 -17.291956 -21.587825
-18.320119 -17.909573 -21.144177
-19.239712 -16.567653 -20.933798
-17.566281 -17.684993 -21.741047
-18.963805 -16.961090 -20.829669
-18.452435 -18.226678 -20.484188
-17.857057 -18.058299 -21.121482
-16.818030 -17.444664 -22.059643
-19.130437 -16.493597 -21.139848
-19.087866 -17.006233 -20.714341
-18.664839 -17.729136 -20.558691
-19.895648 -16.677070 -20.151550
-18.620033 -18.155245 -20.301455
-17.680102 -18.646046 -20.102789
-18.647550 -17.096768 -21.221159
-16.837530 -17.938706 -21.904524
-16.168009 -17.832234 -22.137341
-16.981585 -17.704829 -21.731540
-17.138534 -16.636967 -22.219629
-18.128691 -18.194582 -20.576175
-16.395224 -17.023925 -22.144637
-19.695046 -16.855512 -19.953828
-17.974336 -17.992256 -20.868369
-18.798548 -17.729180 -20.022310
-18.562287 -17.813487 -20.383141
-19.549535 -17.174568 -20.613428
-19.692986 -16.366237 -20.421145
-17.390971 -17.837911 -21.555694
-19.296453 -17.504403 -19.467847
-18.454571 -17.740585 -20.733371
-19.018626 -17.506354 -20.787436
-19.262353 -17.411422 -20.170580
-17.816527 -16.891010 -21.886637
-17.197172 -17.534777 -22.030426
-17.861320 -17.951520 -21.095267
-18.831528 -17.083745 -21.125288
-18.328510 -16.641613 -21.599796
-18.432319 -17.780123 -20.898674
-18.881075 -17.807402 -19.950614
-18.092249 -16.725920 -21.960627
-17.620796 -18.142606 -21.482313
-18.726967 -17.532644 -21.085497
-16.893770 -18.387335 -21.050070
-18.553883 -18.164699 -19.692927
-17.949043 -17.499987 -21.577900
-17.115490 -17.781893 -21.614676
-19.580975 -17.087122 -19.717481
-18.934132 -17.168762 -21.003476
-17.464286 -18.601565 -20.753466
-17.507671 -17.782802 -21.509665
-17.201698 -17.461635 -22.008733
-17.529345 -18.557555 -20.763207
-17.640462 -18.626510 -20.587294
-19.047148 -17.209498 -20.776578
-18.960880 -17.164596 -20.869122
-18.004053 -18.636686 -20.586500
