-20.127809 -16.136148 -18.729014
-18.010465 -17.986886 -21.177492
-19.771503 -16.698609 -19.343030
-17.809869 -18.227010 -20.678022
-18.828142 -18.000532 -19.180963
-18.652397 -18.369761 -19.029149
-19.344137 -17.658676 -19.973309
-19.751311 -16.960011 -18.732312
-17.844615 -18.698924 -19.591940
-19.955240 -16.251013 -19.544707
-17.869970 -19.011819 -19.333978
-19.034260 -17.763062 -19.981637
-19.373790 -17.543797 -20.461614
-18.186210 -17.617657 -21.329306
-18.802190 -17.136216 -21.044261
-18.757810 -18.025238 -20.746659
-19.549535 -17.174568 -20.613428
-19.212979 -17.830303 -18.681334
-18.452435 -18.226678 -20.484188
-17.724264 -16.850445 -22.003388
-18.545852 -17.213728 -21.455208
-17.201413 -18.641514 -20.205448
-17.390971 -17.837911 -21.555694
-17.002471 -19.314651 -20.431390
-17.568185 -18.868307 -19.694850
-19.076761 -16.881942 -21.281200
-18.378609 -18.242827 -19.746048
-17.468829 -18.272633 -21.275852
-17.169377 -17.129561 -21.880791
