16.242295 16.617202 22.601693
15.825725 16.991622 22.255627
16.271968 16.40953 22.427886
16.268031 17.906403 22.015514
16.207455 17.324197 22.17685
15.616264 16.938117 22.273588
15.536765 18.003872 21.778475
16.151191 17.363543 22.027869
15.824516 17.289719 22.191984
16.294948 18.586465 21.594105
15.042989 17.528171 22.163106
16.575196 18.348233 21.646402
15.814571 18.988102 21.305395
15.814571 18.988102 21.305395
15.814571 18.988102 21.305395
17.067699 18.885519 20.522048
15.478086 19.356961 19.843452
17.304321 19.265264 19.623666
15.36659 19.811058 19.028868
15.347199 19.561885 19.310253
17.631263 18.88495 20.410126
15.36659 19.811058 19.028868
16.311092 19.321107 20.100618
15.736159 19.313847 20.510495
14.913893 19.525227 19.646524
16.242295 16.617202 22.601693
17.108861 16.844639 22.393436
17.108861 16.844639 22.393436
16.736071 17.092903 22.217062
15.830541 16.706316 22.44282
16.291375 17.085358 22.228762
17.488003 16.934752 22.364219
16.054884 17.47243 22.164693
16.268031 17.906403 22.015514
16.971711 17.558884 21.748275
16.967758 18.629102 21.253642
17.290577 17.878234 21.731446
16.92145 17.699867 21.956436
16.948367 18.379929 21.535027
16.294948 18.586465 21.594105
16.687129 18.587374 21.489094
16.341346 18.670057 21.213286
16.294948 18.586465 21.594105
17.410712 18.110845 21.533547
16.569165 19.277993 20.767661
16.180205 19.526031 19.567419
16.883838 18.867941 21.20173
16.311092 19.321107 20.100618
16.311092 19.321107 20.100618
17.304321 19.265264 19.623666
16.380807 19.347589 19.765141
16.020009 19.604522 18.96979
16.569165 19.277993 20.767661
15.586703 19.567864 19.306061
15.461262 19.504748 19.626538
18.05982 18.900848 18.985942
16.631736 19.450749 18.153738
15.461262 19.504748 19.626538
17.271458 16.319745 22.494778
17.201698 17.461635 22.008733
17.108861 16.844639 22.393436
17.108861 16.844639 22.393436
16.736071 17.092903 22.217062
15.728646 16.87522 22.453829
17.488003 16.934752 22.364219
17.550242 17.270166 21.935172
17.039449 18.048507 21.694694
16.667738 18.338201 21.770479
16.54866 17.948131 21.780062
16.92145 17.699867 21.956436
16.957665 17.801253 21.891965
16.948367 18.379929 21.535027
16.948367 18.379929 21.535027
17.053966 18.308844 21.647699
18.043036 17.90302 21.147323
16.948367 18.379929 21.535027
16.967758 18.629102 21.253642
17.124112 18.0107 21.686841
17.262929 18.525591 20.54066
16.549774 19.02882 21.049046
18.148984 18.507632 20.3266
16.744398 19.357765 19.764347
18.060454 18.517641 20.940451
17.633709 19.096126 19.694809
16.380807 19.347589 19.765141
17.834311 18.917684 19.892531
17.948382 18.686074 20.128878
16.180205 19.526031 19.567419
16.329886 19.500136 18.961462
18.332216 18.692907 19.338068
19.240289 16.080406 21.038801
17.78028 16.746404 21.676124
17.753363 16.066342 22.097533
17.865729 17.905082 21.158956
17.757049 16.44681 21.966315
17.527959 17.52561 21.867016
18.417694 16.54551 21.727025
18.282039 18.051719 20.330844
17.340548 18.380838 21.430016
18.232904 18.268793 20.378512
17.479276 18.048143 21.361019
17.94004 16.79958 21.415147
18.305113 17.739407 21.364315
17.741549 17.739976 21.476237
18.3982 17.940463 20.821501
18.697294 17.740316 21.259304
18.507475 18.014519 20.615451
18.507475 18.014519 20.615451
17.76013 17.976167 21.046284
17.695712 18.418281 21.104194
17.646597 18.542562 20.48975
18.152311 17.977076 20.941273
18.212827 18.261998 20.428628
17.646597 18.542562 20.48975
17.695712 18.418281 21.104194
17.814234 18.910889 19.942647
17.834311 18.917684 19.892531
18.429063 18.340264 19.820551
17.86997 19.011819 19.333978
17.721132 18.538277 20.39938
18.162558 18.275065 19.988118
17.633709 19.096126 19.694809
17.002471 19.314651 20.43139
18.568477 18.6086 18.977237
18.099094 18.536521 19.520842
18.696088 15.334529 21.289923
19.043407 17.242818 20.797426
18.921093 17.257966 21.07927
19.096538 16.853016 20.751815
19.456148 16.937791 20.676973
18.685401 18.262752 19.409604
18.248538 18.525501 19.572713
18.944431 17.749177 19.478218
18.563211 18.115449 20.006782
18.743736 17.930212 20.25462
18.507475 18.014519 20.615451
18.469165 18.184486 20.017681
18.469165 18.184486 20.017681
18.164618 18.76434 19.520801
18.44914 18.347059 19.770435
18.44914 18.347059 19.770435
18.682252 17.998685 19.726348
17.839107 18.612018 20.334928
18.797601 18.133302 19.164101
18.055343 18.690284 19.726851
19.442951 16.391239 20.769206
18.962629 16.5611 20.936944
18.962629 16.5611 20.936944
18.959933 17.568718 20.010913
18.944431 17.749177 19.478218
19.179191 17.634008 19.721737
19.266629 17.247715 20.512389
19.598116 17.107559 19.464081
18.780598 18.282899 19.235756
18.453936 18.041393 20.212832
18.685401 18.262752 19.409604
19.183306 18.037975 18.855141
18.070572 18.833377 19.5317
19.895648 16.67707 20.15155
18.899465 15.736432 21.14784
19.47655 15.996099 20.67797
18.939856 17.561923 20.061029
18.763813 17.937007 20.204504
18.624885 17.97783 19.922249
19.542948 17.634046 18.981043
18.685401 18.262752 19.409604
18.634461 17.856156 20.46067
18.099094 18.536521 19.520842
19.183306 18.037975 18.855141
19.261718 17.71223 19.650041
18.682252 17.998685 19.726348
19.212979 17.830303 18.681334
18.375524 18.367138 19.417932
19.692986 16.366237 20.421145
19.659387 16.761377 20.512381
18.959933 17.568718 20.010913
19.718693 17.264817 19.132857
19.611572 17.181412 19.167315
18.959933 17.568718 20.010913
19.461164 17.386792 19.178314
19.37379 17.543797 20.461614
18.603617 18.015498 19.606875
19.303315 17.567816 19.615624
19.183306 18.037975 18.855141
18.941741 17.797737 19.660929
19.261718 17.71223 19.650041
19.261718 17.71223 19.650041
19.47655 15.996099 20.67797
19.47655 15.996099 20.67797
19.326712 17.55578 19.58912
19.471916 17.319321 19.724072
18.96707 17.959709 19.463218
19.37379 17.543797 20.461614
19.12757 17.937045 19.46381
19.454665 17.410181 19.598215
19.555836 17.080482 19.775984
19.179191 17.634008 19.721737
19.719903 17.046299 19.999736
19.731581 16.711253 19.927798
19.502457 17.186551 19.740934
19.549535 17.174568 20.613428
19.183306 18.037975 18.855141
19.502457 17.186551 19.740934
18.911334 17.858779 20.071887
19.731581 16.711253 19.927798
19.63931 16.754582 20.562497
19.719903 17.046299 19.999736
19.303315 17.567816 19.615624
19.611572 17.181412 19.167315
19.895648 16.67707 20.15155
19.95524 16.251013 19.544707
19.731581 16.711253 19.927798
19.895648 16.67707 20.15155
19.719903 17.046299 19.999736
19.718693 17.264817 19.132857
20.212008 15.689063 18.349128
19.502457 17.186551 19.740934
19.454665 17.410181 19.598215
20.053011 15.907575 19.140996
19.964227 16.799631 18.789106
20.09838 16.705621 18.483374
19.549535 17.174568 20.613428
20.154775 15.937959 18.529727
20.09838 16.705621 18.483374
19.964227 16.799631 18.789106
19.326712 17.55578 19.58912
20.154775 15.937959 18.529727
20.045788 16.737953 19.267262
19.870043 17.107182 19.115448
19.555836 17.080482 19.775984
19.870043 17.107182 19.115448
20.026288 16.243911 19.422381
20.277558 14.761517 17.88087
20.048147 16.560792 18.841018
20.22443 15.572251 18.049464
19.502457 17.186551 19.740934
20.22443 15.572251 18.049464
19.718693 17.264817 19.132857
20.242649 15.511177 18.166311
20.065713 16.210916 18.489738
19.731115 17.148005 18.833193
20.048147 16.560792 18.841018
20.127809 16.136148 18.729014
19.78945 16.815465 19.678209
19.918705 16.395272 19.570737
20.22443 15.572251 18.049464
20.07429 15.511368 18.933752
20.274663 15.71708 17.69182
20.274663 15.71708 17.69182
19.809527 16.82226 19.628093
19.731115 17.148005 18.833193
20.026288 16.243911 19.422381
20.07429 15.511368 18.933752
20.22443 15.572251 18.049464
20.242649 15.511177 18.166311
20.242649 15.511177 18.166311
19.95524 16.251013 19.544707
20.212008 15.689063 18.349128
20.277558 14.761517 17.88087
20.212008 15.689063 18.349128
19.918705 16.395272 19.570737
19.809527 16.82226 19.628093
20.351636 14.711183 17.428776
20.07429 15.511368 18.933752
20.351636 14.711183 17.428776
20.277558 14.761517 17.88087
19.95524 16.251013 19.544707
18.994648 17.453684 20.490831
