-19.266629 -17.247715 -20.512389
-19.719903 -17.046299 -19.999736
-17.002471 -19.314651 -20.431390
-19.611572 -17.181412 -19.167315
-16.948367 -18.379929 -21.535027
-16.941955 -19.029729 -20.944035
-18.320119 -17.909573 -21.144177
-18.430214 -18.429448 -19.657602
-17.401064 -18.665760 -20.917371
-17.724841 -16.363198 -22.108391
-17.417849 -19.011652 -19.948623
-17.488003 -16.934752 -22.364219
-18.330237 -18.225309 -19.735426
-17.814234 -18.910889 -19.942647
-16.549774 -19.028820 -21.049046
-18.911334 -17.858779 -20.071887
-17.239386 -18.783312 -20.276292
-17.473513 -19.174617 -19.097180
-18.541374 -17.655100 -21.003484
-18.802190 -17.136216 -21.044261
-19.422874 -16.384444 -20.819322
-17.921526 -18.558464 -20.658196
-17.983548 -17.306824 -21.598901
-17.999938 -18.232719 -21.453096
-18.933555 -17.656009 -20.898473
-17.783502 -17.862581 -21.709921
-16.416466 -19.441724 -19.206588
-19.895648 -16.677070 -20.151550
-19.393261 -16.712000 -20.314700
-19.159114 -17.627213 -19.771853
-18.099571 -18.262541 -20.560630
-17.989979 -18.541660 -20.094461
-19.410026 -17.150685 -20.008064
-19.096838 -16.888737 -21.231084
-19.120708 -17.873632 -19.316033
-18.172020 -18.771398 -18.740439
-18.461358 -16.876136 -21.671248
-18.682070 -18.162089 -18.855342
-18.874099 -16.571109 -21.550795
