-16.187361 -18.739838 -21.481769
-20.045788 -16.737953 -19.267262
-19.212979 -17.830303 -18.681334
-17.002471 -19.314651 -20.431390
-16.473954 -17.157782 -22.058858
-19.442951 -16.391239 -20.769206
-17.748173 -16.439038 -21.959842
-19.731581 -16.711253 -19.927798
-19.794236 -16.739270 -19.270490
-16.299764 -18.301159 -21.781298
-18.401144 -18.296100 -18.927303
-19.332988 -17.360144 -19.441817
-19.018626 -17.506354 -20.787436
-17.304321 -19.265264 -19.623666
-18.797601 -18.133302 -19.164101
-16.918421 -16.880161 -21.942436
-19.695575 -16.859081 -19.340981
-18.266692 -18.465088 -19.338109
-17.700978 -18.911432 -20.074649
-17.438773 -19.096276 -19.212860
-16.549774 -19.028820 -21.049046
-17.618451 -18.833210 -20.146345
-17.236616 -18.419983 -20.981368
-17.921526 -18.558464 -20.658196
-17.124112 -18.010700 -21.686841
-18.565929 -17.220523 -21.405092
-16.467990 -18.781566 -21.246317
-18.116356 -18.608433 -19.591882
-16.947986 -18.099969 -21.822776
-19.551894 -16.997407 -20.187184
-19.661169 -17.071463 -19.981134
-17.116607 -18.890142 -20.220885
-16.697411 -18.130529 -21.596672
-17.417849 -19.011652 -19.948623
-18.402646 -17.987795 -21.072481
-16.757927 -18.415451 -21.084027
-16.948367 -18.379929 -21.535027
-18.665285 -17.816197 -19.824090
-18.186787 -17.130410 -21.434309
-18.099571 -18.262541 -20.560630
-19.183306 -18.037975 -18.855141
-19.262576 -17.720354 -19.495153
-19.471916 -17.319321 -19.724072
-18.618882 -18.066061 -20.464404
-18.889079 -17.667303 -19.903551
-19.296899 -17.591464 -18.733246
-17.008502 -18.384891 -21.310131
-19.153301 -17.646298 -19.701203
-17.500376 -19.089874 -19.876927
-18.060454 -18.517641 -20.940451
-19.346873 -16.863735 -20.883023
-18.594451 -16.923667 -21.394234
-19.472644 -17.222235 -18.885060
-18.620033 -18.155245 -20.301455
-18.756605 -18.157804 -18.764972
-18.128691 -18.194582 -20.576175
-19.611572 -17.181412 -19.167315
-18.643170 -17.796709 -20.685435
-18.941007 -17.651107 -19.898080
-17.437279 -18.767146 -20.852900
-19.096838 -16.888737 -21.231084
-17.401064 -18.665760 -20.917371
-18.004053 -18.636686 -20.586500
-16.672554 -18.052895 -21.957672
-17.646874 -17.976710 -21.178286
-19.549535 -17.174568 -20.613428
-19.100779 -17.959753 -18.926837
-17.283718 -17.856760 -21.485434
-18.241949 -16.914739 -21.575211
-17.370221 -18.173166 -21.256209
-17.537858 -18.541493 -20.709106
-19.580975 -17.087122 -19.717481
-17.496261 -18.685907 -20.743523
-17.949949 -17.701964 -21.690137
-18.648555 -17.858389 -20.290597
-18.675204 -17.294579 -21.199042
-16.480844 -18.408898 -21.087173
-17.566281 -17.684993 -21.741047
-17.452748 -18.251388 -21.184513
-17.564347 -17.898488 -21.249982
-16.941955 -19.029729 -20.944035
-19.313274 -17.258875 -20.974259
-18.732943 -17.568404 -20.642330
-18.771800 -17.733346 -20.156664
-16.981585 -17.704829 -21.731540
-18.690694 -17.590313 -20.229677
-18.190473 -17.510878 -21.303091
-19.157243 -17.729373 -19.290003
-18.773409 -17.722540 -20.080813
-18.018978 -17.970824 -21.123391
-18.715074 -18.055080 -19.235797
-18.626596 -17.969805 -20.021712
-17.345898 -17.717022 -21.362683
-17.479276 -18.048143 -21.361019
-18.217668 -18.156898 -20.010539
-19.234862 -17.584620 -20.179359
-18.726967 -17.532644 -21.085497
-18.014929 -18.729854 -19.166245
-19.127901 -17.580410 -20.581386
-17.317721 -18.417352 -20.970462
