-16.489931 -16.558197 -22.465900
-16.337823 -19.192922 -18.922397
-19.675820 -16.076546 -20.132612
-19.863385 -16.369202 -18.558004
-15.904517 -19.156264 -19.258668
-19.435565 -17.375517 -18.199741
-16.254009 -18.652258 -20.790411
-19.830472 -16.346158 -18.816940
-19.789450 -16.815465 -19.678209
-16.553095 -17.382865 -22.255004
-16.759578 -19.096231 -19.668903
-16.839677 -17.454859 -22.037321
-19.076222 -16.114589 -20.815049
-19.781348 -17.292834 -18.475549
-19.834158 -16.726626 -18.685722
-19.840956 -16.544950 -18.489409
-17.488003 -16.934752 -22.364219
-19.380373 -17.265564 -19.519759
-18.708803 -16.899439 -21.107806
-17.268107 -18.765000 -20.717274
-18.949132 -17.696009 -19.368671
-17.120435 -18.624032 -21.152823
-17.037899 -18.834239 -20.383546
-19.719903 -17.046299 -19.999736
-17.580840 -17.551748 -21.979516
-19.240289 -16.080406 -21.038801
-17.365968 -18.500834 -20.725202
-16.544373 -18.894307 -20.274901
-18.818024 -17.684796 -20.589714
-17.867422 -17.623742 -21.761833
-19.565112 -17.214568 -19.083626
-17.243805 -18.980342 -20.136311
-17.591477 -18.483998 -19.818613
-16.957665 -17.801253 -21.891965
-18.402646 -17.987795 -21.072481
-16.526181 -19.123326 -19.924917
-16.436268 -18.389056 -21.364147
-19.364739 -17.008856 -20.325558
-19.003451 -16.651960 -21.294629
-16.604593 -18.797581 -20.719817
-19.165368 -17.774275 -18.760594
-17.949949 -17.701964 -21.690137
-16.262934 -18.995802 -20.418386
-18.358737 -18.192622 -19.160436
-17.468829 -18.272633 -21.275852
-19.344137 -17.658676 -19.973309
-18.033537 -17.837579 -21.361860
-19.164137 -17.187298 -20.127836
-16.947986 -18.099969 -21.822776
-18.320119 -17.909573 -21.144177
-19.474055 -17.062416 -19.579409
-18.915728 -17.103493 -20.811996
-18.359480 -18.023590 -19.286011
-17.729836 -17.945158 -21.412944
-17.983548 -17.306824 -21.598901
-17.979595 -18.102509 -19.189653
-17.821169 -18.348318 -20.240381
-17.248716 -18.515827 -20.998659
-18.166710 -17.123615 -21.484425
-17.622321 -18.324656 -20.672408
-18.556957 -17.338019 -20.888349
-17.653436 -18.192975 -20.625510
-18.468755 -18.097646 -19.079961
-19.365970 -17.595833 -18.958316
-18.002365 -17.221092 -21.517014
-17.808864 -18.651448 -19.047587
-17.019439 -17.724837 -21.434997
-18.220516 -17.323640 -21.193978
-17.778795 -18.089457 -20.549542
-17.256693 -18.426778 -20.931252
-17.969060 -18.572957 -19.645216
-17.981948 -18.019393 -20.440157
-16.815410 -18.479169 -21.334930
-17.201698 -17.461635 -22.008733
-18.127309 -16.686210 -21.513987
-17.781346 -18.197835 -20.242435
-18.298094 -17.273271 -21.352648
-17.467715 -17.191944 -22.006868
-18.198201 -17.468632 -21.220331
-18.639484 -17.416241 -20.816653
-18.634130 -16.915648 -21.470200
-19.127901 -17.580410 -20.581386
-19.082841 -17.696053 -18.832290
-19.112672 -17.437317 -20.776537
-16.595896 -19.149808 -19.589440
-18.104260 -17.052188 -21.506005
-18.565929 -17.220523 -21.405092
-17.751673 -18.405507 -20.416242
-18.545852 -17.213728 -21.455208
-18.190473 -17.510878 -21.303091
-19.456148 -16.937791 -20.676973
-17.903536 -18.345138 -19.645257
-17.593659 -18.449524 -19.653585
-19.018626 -17.506354 -20.787436
-18.643170 -17.796709 -20.685435
-17.816061 -18.082801 -20.722353
-19.047148 -17.209498 -20.776578
-19.453978 -17.055621 -19.629525
-18.675204 -17.294579 -21.199042
-17.973352 -17.751610 -21.361885
