-18.889563 -17.659686 -19.994206
-17.627120 -17.485364 -21.697307
-16.714274 -17.324311 -22.187773
-16.549774 -19.028820 -21.049046
-17.290577 -17.878234 -21.731446
-19.611572 -17.181412 -19.167315
-18.802190 -17.136216 -21.044261
-18.332216 -18.692907 -19.338068
-19.577826 -16.823055 -20.034225
-17.047679 -18.804043 -20.494583
-19.212979 -17.830303 -18.681334
-16.648801 -19.174821 -18.948526
-19.003451 -16.651960 -21.294629
-17.178566 -18.599119 -21.027782
-17.020219 -16.649859 -22.109290
-19.018626 -17.506354 -20.787436
-18.296002 -18.192643 -20.431676
-18.620033 -18.155245 -20.301455
-17.619594 -17.054475 -21.837331
-16.135316 -18.055382 -21.845295
-18.278196 -17.059345 -21.785724
-18.039055 -17.977619 -21.073275
-18.356518 -18.477565 -19.919031
-16.179280 -19.036777 -19.349268
-17.631263 -18.884950 -20.410126
-17.585672 -17.934166 -21.459662
-19.206113 -16.962793 -21.025034
-17.488963 -18.352774 -21.120042
-19.262353 -17.411422 -20.170580
-17.487078 -16.445498 -22.146068
-18.480858 -17.370178 -21.516129
-17.979622 -17.494292 -21.516330
-18.976718 -17.914610 -19.042165
-18.599528 -16.825383 -21.313856
-19.659387 -16.761377 -20.512381
-19.332988 -17.360144 -19.441817
-17.060567 -18.250479 -21.289524
-18.029856 -18.236059 -20.896107
-18.894934 -17.667356 -19.239436
-17.640462 -18.626510 -20.587294
-18.186727 -18.118587 -20.637726
