-18.830712 -16.839360 -21.033403
-17.208050 -17.800012 -21.803142
-18.278211 -18.317829 -19.398906
-18.976718 -17.914610 -19.042165
-16.195832 -18.340304 -21.332650
-16.609705 -18.893923 -19.949449
-18.111749 -17.219962 -21.805508
-19.719903 -17.046299 -19.999736
-19.127901 -17.580410 -20.581386
-19.110937 -15.999555 -21.294967
-18.116064 -17.915801 -21.290164
-18.103683 -17.539435 -21.401002
-19.611572 -17.181412 -19.167315
-18.229612 -18.607890 -19.459880
-18.675283 -17.947016 -20.818355
-19.063967 -16.936882 -20.781984
-19.003451 -16.651960 -21.294629
-19.891907 -15.628736 -18.852877
-19.659387 -16.761377 -20.512381
-17.704764 -16.356403 -22.158507
-18.431793 -15.656328 -21.790908
-18.780598 -18.282899 -19.235756
-16.765744 -16.885231 -22.043255
-17.627148 -18.480983 -21.276722
-19.296899 -17.591464 -18.733246
-18.593722 -18.008694 -20.340199
-19.471916 -17.319321 -19.724072
-19.346873 -16.863735 -20.883023
-17.867422 -17.623742 -21.761833
-17.258308 -18.972693 -19.703178
-17.138534 -16.636967 -22.219629
-19.212979 -17.830303 -18.681334
-17.096039 -18.520897 -21.099478
-18.851028 -17.577787 -20.970169
-19.549535 -17.174568 -20.613428
-18.412430 -16.402774 -21.651708
-18.276690 -18.595907 -20.332374
-17.529345 -18.557555 -20.763207
-18.740405 -17.829549 -19.700358
-18.402646 -17.987795 -21.072481
-18.060454 -18.517641 -20.940451
-18.364064 -18.438902 -19.049074
-18.482009 -17.459362 -21.353180
-17.760695 -18.937763 -19.540028
-18.787483 -17.817566 -20.572852
-17.552956 -18.725214 -19.890001
-19.179191 -17.634008 -19.721737
