-20.150604 -15.374063 -18.015686
-17.311523 -17.155472 -22.123841
-15.114495 -19.346785 -19.844246
-20.114368 -15.767175 -18.469236
-15.417570 -19.072039 -20.356097
-20.013335 -16.174782 -18.509794
-15.929288 -18.782952 -20.814726
-16.542579 -18.796884 -20.676450
-15.675643 -19.028925 -21.023140
-17.304321 -19.265264 -19.623666
-16.663910 -18.604311 -20.838541
-19.244539 -15.913342 -20.710141
-16.152192 -18.893398 -20.379912
-16.851624 -18.979433 -20.241322
-16.258122 -19.021266 -19.979964
-19.895648 -16.677070 -20.151550
-19.000542 -17.941068 -18.691660
-20.010976 -16.351943 -18.936038
-19.472644 -17.222235 -18.885060
-16.921450 -17.699867 -21.956436
-17.675417 -18.395998 -21.088828
-19.186613 -16.468751 -21.180153
-19.731581 -16.711253 -19.927798
-18.962594 -17.831544 -18.770157
-20.042948 -15.847226 -19.014416
-18.374493 -18.490796 -19.420011
-18.635169 -16.720402 -21.331997
-17.124112 -18.010700 -21.686841
-17.482425 -18.718874 -19.349236
-16.984582 -18.481315 -21.470556
-19.695046 -16.855512 -19.953828
-19.299200 -17.163849 -20.482220
-19.242349 -16.569681 -20.571484
-18.570613 -18.122507 -19.226420
-17.783502 -17.862581 -21.709921
-17.867422 -17.623742 -21.761833
-18.879319 -17.226274 -20.390966
-18.551855 -17.125497 -20.913053
-18.487437 -17.567611 -20.970963
-18.171831 -18.179963 -19.689606
-17.491966 -17.914097 -21.659832
-19.018995 -17.712499 -19.124108
-19.087866 -17.006233 -20.714341
-19.135415 -17.192282 -19.787442
-18.744444 -16.794458 -21.125947
-19.532864 -17.125509 -19.329976
-16.957665 -17.801253 -21.891965
-19.366474 -17.130240 -19.231941
-18.818024 -17.684796 -20.589714
-18.059820 -18.900848 -18.985942
-18.208047 -18.078006 -20.332604
-18.591881 -18.084839 -19.541794
-19.577826 -16.823055 -20.034225
-17.387045 -18.025379 -21.473123
-17.990667 -17.498699 -21.627900
-18.411008 -17.722403 -20.104082
-17.220843 -18.397008 -21.109725
-18.884543 -17.881487 -19.534914
-16.948367 -18.379929 -21.535027
-18.898899 -17.551180 -19.726315
-19.661169 -17.071463 -19.981134
-19.236383 -17.306542 -19.245891
-19.639310 -16.754582 -20.562497
-17.810069 -18.518882 -21.029274
-17.839742 -18.311210 -20.855467
-17.178281 -18.752523 -20.136352
-19.206113 -16.962793 -21.025034
-18.652397 -18.369761 -19.029149
-18.438882 -17.594683 -20.618931
-19.190729 -17.499469 -19.080127
-18.084892 -17.299314 -21.445318
-17.330914 -17.404645 -21.842456
-18.666232 -17.412075 -20.682299
-18.138232 -18.575103 -19.780842
-17.243805 -18.980342 -20.136311
-18.103683 -17.539435 -21.401002
-19.585771 -16.781456 -20.159878
-17.480066 -18.896035 -19.775480
-19.087079 -17.489550 -20.223701
-20.098380 -16.705621 -18.483374
-17.357372 -18.233051 -21.646930
-18.408649 -17.899564 -20.530326
-17.999938 -18.232719 -21.453096
-18.686441 -17.917981 -19.698670
-18.104260 -17.052188 -21.506005
-19.215115 -17.344210 -18.930517
-18.195669 -16.981123 -21.857420
-17.923027 -18.373179 -20.386840
-17.386385 -17.702533 -21.802059
-19.058548 -17.493710 -20.202668
-18.960880 -17.164596 -20.869122
-18.053259 -18.285705 -20.567855
-18.159288 -18.288872 -20.026009
-18.082627 -17.825666 -21.155835
-18.545852 -17.213728 -21.455208
-18.010465 -17.986886 -21.177492
-17.340548 -18.380838 -21.430016
-18.402646 -17.987795 -21.072481
-18.824027 -17.596565 -20.047559
-16.879115 -18.806235 -20.232543
