-16.783879 -19.279767 -19.220729
-15.779599 -17.100303 -22.191716
-20.148245 -15.551224 -18.441930
-19.911984 -15.635531 -18.802761
-16.293329 -17.192829 -22.155646
-15.810237 -18.709971 -21.036042
-19.692986 -16.366237 -20.421145
-17.846200 -16.683338 -21.712830
-19.240289 -16.080406 -21.038801
-16.781759 -19.108220 -20.346406
-17.682642 -18.851378 -19.019712
-19.902871 -15.846692 -20.025284
-18.685401 -18.262752 -19.409604
-19.183306 -18.037975 -18.855141
-16.667738 -18.338201 -21.770479
-16.522857 -18.348758 -21.470455
-16.559646 -16.584679 -22.130423
-17.439860 -18.804952 -20.389572
-18.099094 -18.536521 -19.520842
-16.941955 -19.029729 -20.944035
-17.332843 -18.968408 -19.612808
-19.895648 -16.677070 -20.151550
-19.476550 -15.996099 -20.677970
-18.054689 -18.234327 -20.267476
-17.983548 -17.306824 -21.598901
-19.442951 -16.391239 -20.769206
-19.580975 -17.087122 -19.717481
-18.255291 -18.055885 -20.465198
-19.695046 -16.855512 -19.953828
-17.542384 -18.468351 -20.687413
-18.599528 -16.825383 -21.313856
-18.514457 -16.975038 -21.424893
-19.234862 -17.584620 -20.179359
-16.837530 -17.938706 -21.904524
-18.348587 -16.648408 -21.549680
-19.260794 -17.410268 -20.026400
-18.058098 -18.561023 -19.121713
-19.096838 -16.888737 -21.231084
-18.004053 -18.636686 -20.586500
-18.911194 -17.686791 -19.042206
-18.320119 -17.909573 -21.144177
-18.853946 -17.787197 -20.085080
-18.797601 -18.133302 -19.164101
-18.754485 -17.986257 -19.890649
-17.053966 -18.308844 -21.647699
-16.869574 -18.425714 -21.027876
-17.150203 -18.467442 -20.792424
-19.073080 -17.035146 -20.623619
-16.705274 -16.446188 -22.091615
-16.921450 -17.699867 -21.956436
-16.977679 -18.930965 -19.938630
-19.348933 -17.353010 -20.415706
-18.620033 -18.155245 -20.301455
-17.901021 -17.228602 -21.670597
-18.186787 -17.130410 -21.434309
-17.480066 -18.896035 -19.775480
-16.725519 -18.659591 -21.200860
-18.732044 -17.434360 -21.005119
-18.116064 -17.915801 -21.290164
-17.472755 -18.085165 -21.358423
-18.432319 -17.780123 -20.898674
-18.995592 -17.662853 -19.452360
-17.201698 -17.461635 -22.008733
-18.628050 -16.528527 -21.302998
-17.258308 -18.972693 -19.703178
-19.186613 -16.468751 -21.180153
-17.647309 -17.866936 -21.484640
-17.580840 -17.551748 -21.979516
-18.236199 -18.148412 -21.092265
-19.519301 -17.224741 -19.802014
-18.652397 -18.369761 -19.029149
-17.921526 -18.558464 -20.658196
-19.346873 -16.863735 -20.883023
-19.549535 -17.174568 -20.613428
-17.654395 -17.747466 -21.391077
-17.197172 -17.534777 -22.030426
-17.124112 -18.010700 -21.686841
-18.980546 -17.648500 -19.974103
-19.497055 -17.325961 -19.665569
-17.640462 -18.626510 -20.587294
-16.818030 -17.444664 -22.059643
-17.663367 -17.629970 -21.907820
-19.018626 -17.506354 -20.787436
-17.287556 -18.826579 -19.930302
-19.456148 -16.937791 -20.676973
-18.565929 -17.220523 -21.405092
-18.419431 -18.333687 -20.103733
-18.431930 -16.896816 -21.496589
-18.863760 -18.060313 -19.684599
-17.085161 -18.255662 -21.326762
-18.367302 -17.335000 -21.168862
-19.344137 -17.658676 -19.973309
-17.576809 -18.296531 -21.069185
-18.626596 -17.969805 -20.021712
-17.279664 -18.883443 -19.791943
-17.096432 -18.698168 -20.780475
-18.818024 -17.684796 -20.589714
-18.402646 -17.987795 -21.072481
-18.802190 -17.136216 -21.044261
-19.047148 -17.209498 -20.776578
