-18.006781 -18.665670 -18.496928
-19.620347 -16.980603 -19.623449
-16.343588 -15.782975 -22.111255
-16.135905 -19.087214 -20.639647
-16.744398 -19.357765 -19.764347
-19.130328 -16.248728 -21.013582
-17.473513 -19.174617 -19.097180
-17.318528 -18.875967 -20.148094
-18.786849 -18.200773 -18.618343
-19.110937 -15.999555 -21.294967
-17.979124 -16.366116 -21.987979
-18.762880 -18.098943 -18.859628
-16.675610 -17.489042 -21.813569
-19.416908 -17.121305 -19.493729
-17.136923 -19.145663 -20.020584
-19.267206 -16.760468 -20.617392
-18.494957 -16.480996 -21.580012
-18.677631 -15.962897 -21.631238
-16.897436 -17.141102 -22.073297
-18.570613 -18.122507 -19.226420
-17.099965 -18.333429 -21.182049
-16.277017 -18.137933 -21.327588
-16.788735 -17.848846 -21.786217
-19.542948 -17.634046 -18.981043
-17.814234 -18.910889 -19.942647
-19.530035 -16.680526 -20.768547
-18.757177 -17.756509 -19.984783
-16.408969 -19.356484 -20.170032
-18.772406 -17.899602 -19.789632
-16.508695 -18.838950 -20.816021
-18.288944 -18.425550 -19.172806
-17.002471 -19.314651 -20.431390
-18.458736 -18.132592 -19.646744
-16.889346 -18.954847 -20.458742
-17.417888 -18.517973 -21.134285
-17.610758 -17.555088 -21.422527
-18.347502 -18.401942 -19.342395
-18.431930 -16.896816 -21.496589
-19.137854 -16.679617 -20.873558
-17.869970 -19.011819 -19.333978
-16.488190 -17.509088 -21.828422
-17.562659 -18.304657 -20.858613
-17.517245 -18.461711 -20.745916
-17.013562 -16.824184 -21.910365
-18.324504 -17.988580 -21.082930
-18.874099 -16.571109 -21.550795
-18.974083 -17.111999 -20.706649
-18.730893 -17.345176 -21.168068
-18.954692 -16.862826 -20.988034
-17.890928 -18.276882 -20.613852
-19.077006 -16.847678 -20.706190
-18.276690 -18.595907 -20.332374
-16.985840 -18.119977 -21.526233
-18.004422 -18.842831 -18.923172
-17.512265 -16.570477 -21.951201
-18.378831 -16.797914 -21.742944
-18.780288 -17.585630 -20.200256
-17.764002 -17.368539 -21.865040
-19.329433 -16.858968 -20.570825
-18.319788 -18.266208 -20.026601
-17.980238 -17.446805 -21.256963
-18.770065 -17.202945 -20.779724
-17.644443 -18.551911 -20.661342
-19.096729 -16.643868 -21.104818
-17.005527 -18.750798 -20.287287
-18.164308 -18.067071 -20.485301
-18.256185 -17.266045 -21.344775
-17.765715 -18.715962 -19.999320
-18.371283 -17.260401 -21.242910
-18.403015 -18.193940 -19.409153
-18.817693 -18.041431 -19.472138
-18.029856 -18.236059 -20.896107
-17.375042 -17.575077 -21.674979
-17.704959 -18.836833 -20.148697
-17.504357 -19.015275 -19.950975
-18.618882 -18.066061 -20.464404
-17.983548 -17.306824 -21.598901
-17.819030 -18.605223 -20.385044
-19.555836 -17.080482 -19.775984
-18.412430 -16.402774 -21.651708
-17.005792 -17.668696 -21.637348
-18.212827 -18.261998 -20.428628
-18.675283 -17.947016 -20.818355
-18.842681 -17.583711 -20.284370
-18.084183 -17.045393 -21.556121
-19.373790 -17.543797 -20.461614
-17.650877 -17.008735 -21.892392
-17.842434 -18.081462 -20.949601
-18.866452 -17.830565 -19.778733
-17.401064 -18.665760 -20.917371
-18.154847 -16.890263 -21.499735
-17.880128 -17.051621 -21.702108
-18.967070 -17.959709 -19.463218
-17.723883 -17.914892 -21.395175
-17.811893 -18.214232 -20.932739
-17.743274 -18.164065 -21.113790
-17.753718 -18.625967 -20.455292
-18.099571 -18.262541 -20.560630
-18.103552 -18.187942 -20.634678
-19.077338 -16.394695 -21.386203
