-16.975554 -18.634589 -20.852799
-18.762880 -18.098943 -18.859628
-18.729308 -18.229301 -20.095405
-16.941955 -19.029729 -20.944035
-18.452435 -18.226678 -20.484188
-18.371283 -17.260401 -21.242910
-18.398200 -17.940463 -20.821501
-17.053966 -18.308844 -21.647699
-17.582769 -18.689530 -20.745875
-18.683220 -17.645290 -20.767265
-17.949949 -17.701964 -21.690137
-19.280819 -17.247695 -20.273646
-18.461358 -16.876136 -21.671248
-17.704959 -18.836833 -20.148697
-18.430214 -18.429448 -19.657602
-17.644443 -18.551911 -20.661342
-17.692139 -16.917174 -21.738851
-16.788735 -17.848846 -21.786217
-17.814234 -18.910889 -19.942647
-18.073899 -18.302821 -20.146373
-18.941007 -17.651107 -19.898080
-19.123455 -17.533078 -20.330406
-17.037631 -17.495818 -21.784981
-17.178216 -18.945422 -20.583204
-19.045043 -17.858823 -19.535506
-18.985971 -17.175137 -20.725350
-17.504357 -19.015275 -19.950975
-18.043036 -17.903020 -21.147323
-19.495320 -16.795560 -20.288629
-19.130437 -16.493597 -21.139848
-17.236616 -18.419983 -20.981368
-19.592018 -16.846569 -19.510431
-19.359716 -17.448771 -19.969575
-18.103552 -18.187942 -20.634678
-18.796813 -17.198779 -20.645370
-18.828807 -17.780557 -20.143583
-18.518930 -17.884943 -20.151911
-19.278884 -16.425422 -20.545454
-17.798175 -18.055930 -21.359902
-19.786318 -16.570226 -19.481498
-18.235625 -17.571981 -21.360217
