-19.909190 -16.379293 -18.765020
-17.271458 -16.319745 -22.494778
-16.548660 -17.948131 -21.780062
-17.002471 -19.314651 -20.431390
-19.984687 -15.426814 -19.304294
-17.998487 -15.619670 -22.127179
-17.108861 -16.844639 -22.393436
-16.661785 -18.307935 -21.752710
-17.488003 -16.934752 -22.364219
-17.633709 -19.096126 -19.694809
-18.369698 -18.144526 -20.170247
-16.569165 -19.277993 -20.767661
-16.828830 -18.669925 -20.971387
-19.537258 -15.850148 -20.642281
-17.467715 -17.191944 -22.006868
-19.727126 -16.215921 -19.873470
-19.364739 -17.008856 -20.325558
-17.340548 -18.380838 -21.430016
-17.548736 -18.806728 -20.481822
-19.744003 -16.594441 -19.628134
-19.666610 -15.930999 -20.386115
-17.262136 -18.706583 -20.635116
-19.110937 -15.999555 -21.294967
-18.440793 -16.534451 -21.887066
-18.195669 -16.981123 -21.857420
-19.067054 -17.652123 -19.976455
-19.542948 -17.634046 -18.981043
-19.555836 -17.080482 -19.775984
-19.639310 -16.754582 -20.562497
-18.680919 -18.072905 -19.018291
-18.614767 -17.662094 -21.331000
-17.079958 -18.499652 -21.008139
-16.921450 -17.699867 -21.956436
-17.886785 -16.877296 -21.901033
-19.260794 -17.410268 -20.026400
-19.530035 -16.680526 -20.768547
-18.881521 -17.894463 -19.216013
-18.561340 -18.217609 -19.524932
-19.955240 -16.251013 -19.544707
-19.240289 -16.080406 -21.038801
-18.425082 -18.414863 -19.746503
-19.122790 -17.753053 -19.367786
-19.482432 -17.349124 -19.493688
-19.183306 -18.037975 -18.855141
-18.911334 -17.858779 -20.071887
-17.267672 -18.874774 -20.410920
-18.811212 -16.345318 -21.188522
-16.549774 -19.028820 -21.049046
-19.416908 -17.121305 -19.493729
-17.593522 -18.704458 -19.857663
-18.732044 -17.434360 -21.005119
-19.018626 -17.506354 -20.787436
-18.066090 -18.643530 -19.140387
-16.948367 -18.379929 -21.535027
-19.771542 -16.502490 -19.438634
-17.949949 -17.701964 -21.690137
-19.843126 -16.427120 -19.536857
-17.276614 -17.737310 -21.630614
-18.099571 -18.262541 -20.560630
-19.127901 -17.580410 -20.581386
-17.507643 -16.787183 -21.930250
-19.719903 -17.046299 -19.999736
-17.940977 -17.819460 -21.173394
-19.220212 -16.073611 -21.088917
-17.843384 -18.559249 -20.668645
-16.967758 -18.629102 -21.253642
-18.166650 -18.111792 -20.687842
-19.883742 -16.373040 -19.193131
-18.565929 -17.220523 -21.405092
-18.762088 -17.291994 -20.847131
-17.696863 -18.507465 -20.941245
-17.401064 -18.665760 -20.917371
-17.753718 -18.625967 -20.455292
-19.313274 -17.258875 -20.974259
-18.831528 -17.083745 -21.125288
-18.757810 -18.025238 -20.746659
-19.157243 -17.729373 -19.290003
-18.419431 -18.333687 -20.103733
-19.731115 -17.148005 -18.833193
-18.039055 -17.977619 -21.073275
-18.976718 -17.914610 -19.042165
-19.774715 -16.436250 -19.296869
-17.807912 -18.288831 -20.858691
-17.669946 -17.827403 -21.362654
-17.390971 -17.837911 -21.555694
-19.190729 -17.499469 -19.080127
-18.017044 -18.184319 -20.632326
-18.320119 -17.909573 -21.144177
-17.983548 -17.306824 -21.598901
-18.276690 -18.595907 -20.332374
-17.568185 -18.868307 -19.694850
-18.163565 -18.236103 -20.359726
-19.484338 -17.202509 -19.424408
-18.116356 -18.608433 -19.591882
-18.255291 -18.055885 -20.465198
-18.956641 -17.907815 -19.092281
-17.527959 -17.525610 -21.867016
-19.133596 -17.320068 -20.110974
-17.838453 -18.156061 -20.875553
-19.355234 -17.258924 -19.578262
