-25.914587 -25.577394 -24.068434
-25.885183 -25.726404 -24.331479
-25.115403 -26.593538 -23.961119
-24.888329 -26.555923 -24.299671
-25.739764 -24.394318 -24.756536
-25.398520 -26.170377 -24.181321
-25.085999 -26.742548 -24.224164
-24.628959 -26.054392 -24.643541
-26.279847 -24.526340 -24.001690
-25.120139 -26.818513 -23.696637
-25.101145 -25.143045 -24.754935
-25.559813 -24.763786 -24.840726
-26.134861 -25.390403 -24.398220
-25.847378 -25.443769 -24.464816
-26.361463 -25.104920 -23.115564
-25.760570 -26.118680 -24.565033
-26.327323 -25.028955 -23.643091
-25.352892 -26.369653 -23.961417
-25.384382 -25.752207 -24.602597
-25.674835 -26.310681 -23.490087
-26.192265 -24.864502 -24.561048
-25.923712 -26.188132 -22.998028
-25.197395 -26.210774 -24.406527
-25.517037 -26.595360 -23.906398
-23.879650 -26.296787 -24.568912
-25.794710 -26.194645 -24.037506
-25.884886 -25.823943 -23.689560
-24.512183 -24.325280 -25.158094
-26.678631 -24.518068 -24.069287
-24.408513 -26.923310 -23.845631
-23.313480 -24.859777 -24.914518
