-24.644356 -27.039539 -23.280863
-24.662500 -27.036662 -22.568858
-25.311176 -26.410782 -24.396086
-25.838279 -25.161506 -24.587864
-25.045341 -26.861485 -22.989719
-25.415467 -25.293114 -24.856455
-25.085999 -26.742548 -24.224164
-25.120139 -26.818513 -23.696637
-23.375007 -27.433282 -22.699183
-25.517037 -26.595360 -23.906398
-24.439701 -27.382437 -22.428740
-24.408391 -26.928484 -23.859744
-25.096783 -25.838342 -24.621589
-24.535081 -26.412641 -24.295324
-26.016741 -25.332480 -24.255092
-25.267338 -25.809429 -24.709761
-25.171969 -26.757335 -23.786211
-25.436409 -26.650550 -22.404927
-23.411486 -27.064267 -23.194952
-24.901925 -25.727313 -24.779674
-25.867989 -26.209689 -22.478920
-24.775071 -26.980488 -23.576450
-26.270621 -25.482283 -23.636189
-24.052615 -27.247346 -23.063603
-25.122957 -26.777015 -23.097708
-24.743526 -26.883623 -24.252166
-26.304340 -25.246345 -24.236100
-26.492954 -22.405249 -21.800279
-25.794710 -26.194645 -24.037506
-24.798400 -26.828683 -24.243156
-24.777666 -26.959588 -23.724639
-25.646789 -25.918672 -24.575474
-24.655979 -27.024011 -23.384781
-24.395088 -27.106271 -23.035601
-25.760570 -26.118680 -24.565033
-25.496066 -25.773423 -24.691808
-25.003528 -26.299717 -24.465885
-24.948654 -26.354657 -24.474895
-25.843015 -25.386481 -24.323382
-23.717480 -27.292207 -22.671181
-26.133155 -25.572238 -24.083713
-26.162856 -25.325689 -24.462587
-25.807194 -25.620599 -24.334006
-25.363672 -26.341833 -24.355272
-25.901708 -25.973751 -23.078831
-25.618149 -26.314008 -23.706658
-24.467404 -27.103085 -22.212694
-25.871873 -25.886525 -23.622914
-25.850038 -25.995399 -23.863511
-26.474348 -23.148446 -22.350658
-24.956799 -25.672373 -24.770664
-25.369116 -26.319387 -24.444366
-25.387551 -26.748904 -23.229894
-23.467681 -26.963098 -23.590587
-25.884178 -26.071364 -23.335984
-26.463203 -24.293541 -23.030175
-25.817974 -25.592779 -24.727861
-26.410907 -24.789215 -23.558463
-25.879426 -25.511338 -24.242837
-25.430881 -26.475458 -23.958890
-24.154726 -27.150967 -22.714972
-24.717374 -26.981722 -22.559848
