-24.735880 -25.903365 -24.840490
-25.251947 -25.310382 -24.727603
-24.388326 -26.939836 -23.397880
-25.103559 -24.704853 -24.879169
-23.640840 -27.237093 -22.809175
-25.760570 -26.118680 -24.565033
-25.594420 -25.169307 -24.699601
-25.363672 -26.341833 -24.355272
-24.770228 -25.187042 -24.997625
-24.066040 -27.064385 -23.873633
-25.558539 -26.143973 -23.980150
-25.397812 -26.417798 -23.827745
-25.021199 -26.482908 -24.383274
-25.624614 -26.373116 -23.237557
-24.743526 -26.883623 -24.252166
-26.193115 -24.452671 -24.304380
-25.879163 -25.031400 -24.251172
-26.024824 -25.906780 -22.798288
-25.130653 -25.691307 -24.761721
-25.811263 -26.085464 -23.389927
-25.590474 -26.297151 -23.765084
-25.359486 -26.675734 -22.827670
-26.571277 -24.864178 -23.174288
-26.221636 -24.890325 -24.223170
-24.750537 -26.755097 -24.064402
-25.010419 -26.510728 -23.989419
-26.113119 -25.677667 -23.176183
-24.918312 -26.795004 -23.186943
-26.019900 -25.025713 -24.436998
-25.003528 -26.299717 -24.465885
-26.454818 -24.450287 -23.637741
-25.784087 -26.173229 -22.821385
-26.600681 -24.715168 -22.911243
-26.278870 -25.152275 -23.982065
-25.420640 -26.725065 -22.261481
-25.057934 -26.669378 -23.821940
-25.441187 -26.140540 -24.339312
-25.958300 -25.509766 -24.067372
-25.042483 -26.910879 -23.109707
-25.807194 -25.620599 -24.334006
