-23.395991	-23.310801	-25.345865
-22.545681	-23.645798	-25.281864
-22.467559	-23.433756	-25.390689
-22.980685	-24.064721	-25.241064
-23.07237	-22.638798	-25.408924
-23.262665	-24.113228	-25.187804
-22.810032	-23.292681	-25.362687
-23.075558	-23.878114	-25.274786
-22.562432	-23.247149	-25.424411
-22.522433	-23.378816	-25.381679
-23.689059	-24.804855	-25.007922
-22.467559	-23.433756	-25.390689
-22.980685	-24.064721	-25.241064
-23.154539	-24.083655	-25.232121
-22.467559	-23.433756	-25.390689
-22.467559	-23.433756	-25.390689
-22.467559	-23.433756	-25.390689
-24.47137	-25.513472	-24.773077
-24.73097	-25.602402	-24.665686
-24.676096	-25.657342	-24.674696
-24.743526	-26.883623	-24.252166
-24.226702	-25.949444	-24.505749
-24.743526	-26.883623	-24.252166
-23.846623	-27.156326	-23.443429
-24.120914	-27.009445	-23.864623
-24.143634	-27.413251	-22.475384
-23.255915	-27.476805	-22.507514
-24.06604	-27.064385	-23.873633
-23.443306	-27.195381	-23.500203
-23.727959	-27.469415	-22.906348
-21.624451	-27.7433	-21.381719
-22.272215	-27.621931	-21.945441
-22.58554	-27.486758	-22.359931
-23.541992	-27.31692	-23.001504
-24.050226	-25.549499	-24.852267
-23.998958	-24.594777	-25.055312
-24.959213	-25.234181	-24.894898
-24.327899	-25.148784	-24.983375
-24.959213	-25.234181	-24.894898
-24.603551	-25.529091	-24.766317
-24.227615	-25.664842	-24.506948
-24.603551	-25.529091	-24.766317
-24.743526	-26.883623	-24.252166
-24.7984	-26.828683	-24.243156
-24.998003	-26.855798	-23.603552
-24.06604	-27.064385	-23.873633
-24.777666	-26.959588	-23.724639
-24.743526	-26.883623	-24.252166
-24.819684	-27.256654	-22.969589
-24.760074	-27.086619	-23.243081
-23.727959	-27.469415	-22.906348
-23.532088	-27.285764	-23.144828
-23.532088	-27.285764	-23.144828
-23.399571	-27.512248	-22.143129
-24.269184	-27.275037	-23.249869
-24.269184	-27.275037	-23.249869
-24.209574	-27.105002	-23.523361
-24.881224	-25.128376	-24.897425
-24.127142	-23.79389	-25.259068
-24.444804	-24.48838	-25.115038
-24.689197	-24.858238	-24.992322
-24.676096	-25.657342	-24.674696
-25.154187	-25.312441	-24.784417
-24.881224	-25.128376	-24.897425
-24.946024	-25.388016	-24.738315
-24.658425	-25.474151	-24.757307
-24.946024	-25.388016	-24.738315
-25.021199	-26.482908	-24.383274
-24.948654	-26.354657	-24.474895
-25.021199	-26.482908	-24.383274
-25.026643	-26.460462	-24.472368
-24.757919	-27.100583	-23.455065
-24.948654	-26.354657	-24.474895
-25.047673	-27.000484	-23.224089
-24.743526	-26.883623	-24.252166
-24.743526	-26.883623	-24.252166
-25.102547	-26.945544	-23.215079
-24.76481	-27.311594	-22.978599
-25.120139	-26.818513	-23.696637
-24.819684	-27.256654	-22.969589
-24.76481	-27.311594	-22.978599
-24.819684	-27.256654	-22.969589
-25.284766	-26.482249	-23.751395
-24.801475	-24.277397	-25.14614
-24.801475	-24.277397	-25.14614
-25.338384	-24.280445	-24.785969
-25.47528	-24.641198	-24.782011
-25.301686	-25.093106	-24.866896
-25.47528	-24.641198	-24.782011
-24.950243	-23.492704	-25.069247
-25.739764	-24.394318	-24.756536
-25.223697	-24.987301	-24.869423
-25.530154	-24.586258	-24.773001
-25.338384	-24.280445	-24.785969
-25.397291	-24.535393	-24.784538
-25.817753	-24.500123	-24.754009
-25.372723	-26.427889	-24.095253
-25.42096	-25.848701	-24.470496
-25.602066	-26.149565	-24.111277
-24.743526	-26.883623	-24.252166
-25.434488	-26.58396	-23.609777
-25.085999	-26.742548	-24.224164
-25.085999	-26.742548	-24.224164
-25.088408	-26.616533	-23.986892
-24.7984	-26.828683	-24.243156
-25.143282	-26.561593	-23.977882
-25.143282	-26.561593	-23.977882
-25.430881	-26.475458	-23.95889
-25.229892	-26.537189	-23.760405
-25.107283	-27.170519	-22.950597
-25.148512	-26.809894	-23.249198
-25.154187	-25.312441	-24.784417
-25.959237	-24.420779	-24.527522
-25.397291	-24.535393	-24.784538
-25.47528	-24.641198	-24.782011
-25.817974	-25.592779	-24.727861
-25.851812	-25.584588	-24.088651
-25.026643	-26.460462	-24.472368
-25.369116	-26.319387	-24.444366
-25.572365	-26.396114	-23.732403
-25.602066	-26.149565	-24.111277
-25.340476	-26.714723	-23.57555
-25.572365	-26.396114	-23.732403
-25.855482	-25.972953	-23.952605
-25.622289	-26.428749	-23.327652
-25.633095	-26.363191	-22.262754
-25.229892	-26.537189	-23.760405
-25.845561	-25.346196	-24.464211
-25.941191	-25.667409	-23.757361
-25.876628	-25.886511	-22.921389
-25.434488	-26.58396	-23.609777
-26.001979	-25.778299	-23.014727
-25.952055	-25.745664	-23.419478
-25.952055	-25.745664	-23.419478
-25.739764	-24.394318	-24.756536
-26.30434	-25.246345	-24.2361
-26.479126	-25.157726	-23.170877
-26.395493	-24.918355	-24.12995
-26.395493	-24.918355	-24.12995
-25.950263	-25.776339	-23.216477
-26.43843	-25.192427	-23.367692
-25.859089	-26.081455	-23.603492
-26.647933	-24.902312	-23.011941
-26.397201	-25.553052	-23.069091
-25.945659	-25.805532	-22.887118
-26.354264	-25.27898	-23.831349
-26.41474	-25.358108	-22.386988
-26.087143	-25.726188	-22.660631
-26.678631	-24.518068	-24.069287
-26.678631	-24.518068	-24.069287
-26.678631	-24.518068	-24.069287
-26.162856	-25.325689	-24.462587
-26.400958	-24.918783	-23.938179
-26.400958	-24.918783	-23.938179
-26.016741	-25.33248	-24.255092
-26.647933	-24.902312	-23.011941
-27.000135	-23.970322	-22.382404
-26.614214	-25.13825	-22.41203
-26.001979	-25.778299	-23.014727
-26.571277	-24.864178	-23.174288
-26.205793	-25.599761	-23.700329
-26.41474	-25.358108	-22.386988
-26.750389	-24.535299	-22.40503
-26.235172	-25.322503	-23.63968
-26.776211	-23.950629	-22.84562
-26.562013	-24.678382	-23.291829
-26.647933	-24.902312	-23.011941
-26.479126	-25.157726	-23.170877
-26.678631	-24.518068	-24.069287
-26.711563	-24.17111	-23.096562
-26.728116	-24.061929	-22.448983
-26.683865	-24.138285	-23.674114
-26.647933	-24.902312	-23.011941
-26.750389	-24.535299	-22.40503
-26.614214	-25.13825	-22.41203
-26.728116	-24.061929	-22.448983
-27.000135	-23.970322	-22.382404
-26.711563	-24.17111	-23.096562
-26.864574	-23.511504	-22.604859
-26.711563	-24.17111	-23.096562
-26.711563	-24.17111	-23.096562
-27.000135	-23.970322	-22.382404
-26.728116	-24.061929	-22.448983
-27.000135	-23.970322	-22.382404
-26.788919	-23.15235	-23.225431
-26.788919	-23.15235	-23.225431
-26.678631	-24.518068	-24.069287
-26.731377	-23.850836	-22.991381
-26.864574	-23.511504	-22.604859
-27.000135	-23.970322	-22.382404
-27.064251	-22.789643	-21.842179
-26.776211	-23.950629	-22.84562
-26.81744	-23.590004	-23.144221
-26.721987	-23.828891	-23.313302
-26.81744	-23.590004	-23.144221
-26.864574	-23.511504	-22.604859
-26.884148	-22.96255	-23.082706
-27.019709	-23.421368	-22.860251
-27.019709	-23.421368	-22.860251
-26.81744	-23.590004	-23.144221
-26.788919	-23.15235	-23.225431
-26.788919	-23.15235	-23.225431
-26.726287	-23.917994	-23.250371
-27.064251	-22.789643	-21.842179
-26.81744	-23.590004	-23.144221
-27.019709	-23.421368	-22.860251
-27.000135	-23.970322	-22.382404
-26.884148	-22.96255	-23.082706
-26.783721	-23.825942	-22.54431
-27.030532	-23.025581	-21.242268
-26.697766	-23.48034	-23.331581
-26.776211	-23.950629	-22.84562
-27.063065	-22.732191	-22.104266
-27.064251	-22.789643	-21.842179
-27.019709	-23.421368	-22.860251
-27.064251	-22.789643	-21.842179
-26.777099	-23.837355	-23.237368
-26.683865	-24.138285	-23.674114
-27.019709	-23.421368	-22.860251
-26.783721	-23.825942	-22.54431
-26.245151	-25.388213	-23.382154
-26.163277	-25.637592	-23.335149
-25.539287	-24.102403	-25.006871
-25.851723	-25.79069	-24.458883
