-25.476725 -25.694721 -24.340373
-25.347253 -26.333819 -23.841218
-24.948654 -26.354657 -24.474895
-25.436726 -25.826388 -24.297641
-25.462348 -26.183399 -23.367904
-25.859520 -23.783353 -24.235482
-25.554829 -25.617479 -24.088067
-24.978058 -26.205647 -24.211850
-26.336158 -24.659143 -24.097289
-25.860085 -25.432636 -23.891402
-25.464424 -25.859213 -23.720089
-26.041195 -25.271045 -23.596306
-25.452165 -24.480453 -24.775528
-25.970745 -24.577027 -24.167202
-25.484379 -24.923461 -24.658963
-25.849792 -25.005577 -24.589050
-24.466613 -25.264599 -24.878378
-25.756963 -25.949251 -23.511804
-26.302439 -24.895081 -23.497378
-25.826366 -25.668574 -23.291491
-25.441462 -26.051363 -24.033159
-24.225772 -25.348754 -24.762737
-25.407322 -25.975398 -24.560686
-25.980496 -24.954053 -23.968708
-26.144194 -24.754314 -23.770937
-25.464721 -25.761674 -24.362008
-26.012212 -25.731958 -22.731913
-25.146499 -26.663265 -23.532176
-25.544049 -25.645299 -23.694212
-25.494130 -25.300487 -24.460469
-25.019733 -26.076074 -24.409979
-24.833472 -26.747224 -23.047493
-25.996007 -25.463385 -23.736575
-25.525128 -25.864028 -23.709193
-25.786367 -25.800241 -23.248759
-25.850642 -24.593746 -24.332382
-25.304036 -24.996768 -24.628834
-25.792388 -25.531478 -24.426222
-25.071318 -25.432095 -24.729060
-25.397291 -24.535393 -24.784538
-25.820086 -25.564303 -23.848670
-24.582836 -26.430894 -24.157486
-24.772930 -26.734613 -23.989121
-25.848137 -25.644135 -23.124789
-24.370471 -26.133219 -24.488435
-25.112359 -26.587300 -24.059703
-24.595942 -25.319613 -24.836618
-25.293536 -26.087567 -24.209621
-26.185821 -25.055395 -22.719920
-25.471186 -25.820782 -23.892907
-24.388326 -26.939836 -23.397880
-25.526194 -25.703107 -23.596119
-24.881224 -25.128376 -24.897425
-24.794214 -27.162584 -22.715554
-24.061304 -26.839410 -24.138115
-24.093368 -27.239561 -23.258403
-24.698309 -26.930548 -23.728557
-25.355004 -26.338708 -23.066864
-23.902650 -25.313058 -24.917741
-25.911557 -25.161648 -24.103574
-24.291222 -26.420442 -24.407061
-24.416966 -26.544500 -24.266696
-25.553174 -26.256037 -22.623806
-24.082588 -27.267381 -22.864548
-24.822854 -26.767248 -23.584370
-24.650558 -27.127141 -23.079939
-24.550355 -27.170385 -22.827291
-25.486650 -25.859023 -23.892890
-24.516215 -27.094420 -23.354818
-24.892770 -26.602365 -23.691300
-25.639959 -25.568064 -24.228049
-25.932364 -24.983462 -24.002488
-24.529071 -26.742414 -24.100858
-26.391032 -24.604203 -24.088279
-25.496488 -26.259364 -22.840377
-26.067086 -25.677018 -22.722903
-24.059649 -27.475499 -22.658492
-25.914394 -23.728413 -24.226472
-23.643974 -27.531663 -23.089456
-24.329044 -26.004685 -24.737859
-25.841375 -25.680097 -22.936609
-25.586893 -26.020099 -23.223717
-25.849787 -25.317754 -24.227544
-25.146504 -26.351088 -23.893682
-25.130393 -25.220465 -24.685779
-25.586898 -25.707922 -23.585223
-25.504423 -25.727546 -23.762821
-24.344421 -26.416249 -24.358317
-25.056047 -26.311452 -24.209323
-25.304316 -26.059747 -24.603476
-25.498475 -25.647408 -24.454536
-24.819865 -25.841117 -24.657382
-25.655191 -26.006302 -22.179773
-24.588353 -26.978006 -23.205242
-25.434082 -26.299560 -22.432137
-25.112009 -24.726630 -24.723731
-25.037747 -26.685904 -23.374189
-25.807656 -25.916035 -22.336698
-26.045931 -25.496020 -23.331824
