-25.742694 -26.150708 -23.562471
-25.708554 -26.074743 -24.089998
-25.573894 -24.507924 -24.865746
-25.366081 -26.215818 -24.118000
-26.192265 -24.864502 -24.561048
-25.447736 -26.450433 -23.422994
-25.436956 -26.478253 -23.029139
-26.196996 -25.401654 -23.935060
-25.646789 -25.918672 -24.575474
-25.852114 -25.668744 -24.200334
-26.123417 -25.656372 -22.851724
-25.397291 -24.535393 -24.784538
-25.636009 -25.946492 -24.181619
-25.901708 -25.973751 -23.078831
-25.578440 -26.398909 -22.802652
-25.975343 -25.863579 -23.373919
-25.384382 -25.752207 -24.602597
-25.833859 -25.942923 -23.600406
-25.125257 -26.327188 -24.556103
-24.775071 -26.980488 -23.576450
-25.783935 -25.910288 -24.005157
-26.162856 -25.325689 -24.462587
-25.154187 -25.312441 -24.784417
-25.235967 -26.539984 -22.830654
-25.215897 -26.633467 -23.350935
-26.697766 -23.480340 -23.331581
-25.413596 -26.374468 -23.950521
-25.187022 -26.483259 -24.070627
-26.167295 -25.648203 -23.556186
-25.867989 -26.209689 -22.478920
-26.683865 -24.138285 -23.674114
-25.363926 -26.229782 -24.329984
-24.724957 -24.776572 -24.792499
-25.710300 -26.020460 -23.710069
-26.726287 -23.917994 -23.250371
-26.133155 -25.572238 -24.083713
-26.817440 -23.590004 -23.144221
-24.602571 -26.432002 -24.263534
-26.304340 -25.246345 -24.236100
-25.291127 -26.213582 -24.446893
-25.817753 -24.500123 -24.754009
-25.550742 -26.366084 -23.380204
-26.333744 -25.097335 -23.973055
-25.884178 -26.071364 -23.335984
-25.232720 -26.580759 -22.756717
-25.415342 -26.320185 -23.570592
-26.395514 -24.941229 -23.849085
-26.014827 -25.729374 -23.483538
-25.739764 -24.394318 -24.756536
-25.589220 -26.371089 -23.196507
-26.788919 -23.152350 -23.225431
-26.692568 -24.153932 -22.650460
-25.352892 -26.369653 -23.961417
-26.151115 -25.689197 -22.274172
-25.817974 -25.592779 -24.727861
-25.659505 -26.291724 -22.907445
-25.934102 -26.103999 -22.931233
-25.363672 -26.341833 -24.355272
-25.702263 -26.287033 -22.859174
-25.238692 -26.461611 -23.285947
-27.000135 -23.970322 -22.382404
-24.461860 -23.872381 -25.107779
-25.374204 -26.501415 -22.530230
-25.807194 -25.620599 -24.334006
-25.402816 -26.402288 -23.556666
-25.749795 -25.834323 -24.532684
-26.486667 -24.613239 -23.742935
-25.304316 -26.059747 -24.603476
-26.488958 -24.526252 -23.110214
-23.814953 -27.169561 -22.344273
-25.301150 -24.658600 -24.981444
-26.548018 -25.153867 -22.845439
-24.260098 -26.573077 -24.291536
-26.108899 -25.999622 -23.076392
-25.090650 -25.921667 -24.697228
-24.157426 -27.028486 -22.316271
-26.678631 -24.518068 -24.069287
-25.218232 -24.802834 -24.737165
-26.338480 -25.322310 -23.708573
-26.429633 -24.994320 -23.602423
-25.500797 -26.310575 -24.065820
-25.899962 -26.028034 -23.458760
-25.171969 -26.757335 -23.786211
-25.832872 -26.122156 -22.616021
-27.019709 -23.421368 -22.860251
-24.242916 -23.686514 -25.195982
-25.539287 -24.102403 -25.006871
-23.571623 -23.857348 -25.249096
-25.158324 -26.451650 -24.093822
-25.555080 -26.295124 -23.724034
-25.953062 -25.573303 -23.969014
-25.085999 -26.742548 -24.224164
-24.772972 -26.826507 -23.739481
-24.667558 -24.990296 -24.991177
-25.929663 -25.781485 -23.837634
-25.397812 -26.417798 -23.827745
