-24.805411 -26.700157 -24.055392
-25.517037 -26.595360 -23.906398
-24.770804 -26.294636 -24.196517
-24.551682 -26.639257 -24.214516
-24.613641 -26.394344 -24.068360
-24.462938 -26.841232 -24.083394
-25.459568 -26.671200 -23.767219
-25.518351 -26.244932 -23.443525
-24.916727 -25.082385 -24.779531
-26.005044 -25.617030 -23.752793
-25.117095 -26.812275 -23.795221
-24.750537 -26.755097 -24.064402
-26.682334 -23.432609 -21.560077
-26.659632 -23.813480 -22.228784
-25.959177 -25.897911 -23.218010
-24.774481 -26.293482 -24.354634
-24.510453 -26.999882 -23.915915
-26.706290 -23.178964 -21.300307
-24.982794 -26.430622 -23.947368
-25.291127 -26.213582 -24.446893
-26.396262 -24.852504 -23.359595
-26.338480 -25.322310 -23.708573
-24.830011 -25.476379 -24.793963
-25.041909 -25.893282 -24.630599
-25.739764 -24.394318 -24.756536
-26.488413 -24.558956 -23.363006
-26.196996 -25.401654 -23.935060
-25.841334 -25.696564 -23.806479
-25.028210 -26.354382 -24.195510
-24.225511 -24.080748 -25.075886
-26.057268 -25.468253 -23.475705
-25.486035 -24.333418 -24.915660
-26.203131 -25.733134 -22.749207
-26.676918 -22.893846 -21.625746
-25.275680 -24.564530 -24.727409
-26.099784 -25.430422 -23.840885
-25.384382 -25.752207 -24.602597
-25.822413 -25.915293 -23.821460
-24.306839 -27.023769 -23.751799
-23.661815 -26.568871 -24.273842
-26.425752 -24.045337 -23.971743
-26.343477 -23.562934 -23.980993
-24.345843 -26.720460 -24.109026
-24.861853 -25.137325 -24.788541
-25.466932 -26.145433 -24.287194
-25.083084 -26.299442 -24.186500
-26.304340 -25.246345 -24.236100
-24.105958 -25.788169 -24.675672
-25.817693 -25.977255 -23.444497
-24.496808 -26.694197 -24.223526
-25.194400 -24.681670 -24.910639
-24.428331 -26.435711 -24.224519
-24.712940 -25.680174 -24.882401
-25.760570 -26.118680 -24.565033
-25.846050 -25.681699 -23.638503
-25.943267 -25.340754 -24.094184
-24.247229 -26.853734 -24.025291
-26.519497 -24.716213 -22.926649
-24.940671 -24.620770 -25.069763
-26.669170 -23.866404 -21.663700
-26.110980 -26.026682 -22.745796
-23.569743 -27.034496 -23.646758
-26.488958 -24.526252 -23.110214
-24.622030 -24.883009 -24.924291
-25.326943 -26.291641 -24.074763
-25.223697 -24.987301 -24.869423
-25.808578 -25.408055 -24.208990
-26.046273 -25.256405 -24.051394
-26.451131 -25.222440 -23.106510
-26.601464 -22.970743 -22.914481
-25.472866 -25.079390 -24.657777
-24.472071 -26.357377 -24.317264
-25.770303 -24.584279 -24.572971
-24.956799 -25.672373 -24.770664
-26.562714 -23.793625 -23.014134
-26.605417 -24.940143 -22.646761
-26.164661 -25.425048 -23.210133
-24.715930 -26.349576 -24.205527
-25.972401 -23.986984 -24.423899
-24.400660 -25.675368 -24.892418
-24.266432 -26.310444 -24.360844
-23.095419 -26.188442 -24.481080
-26.515058 -24.393699 -23.833050
-25.807194 -25.620599 -24.334006
-24.769745 -26.068507 -24.619116
-25.794710 -26.194645 -24.037506
-25.130653 -25.691307 -24.761721
-26.798441 -22.885416 -21.303718
-26.695779 -23.162295 -21.532152
-25.833307 -26.427397 -22.614688
-26.551727 -23.870109 -22.847203
-24.829355 -26.238542 -24.345624
-26.362122 -24.776539 -23.887122
