-24.745801 -26.530122 -24.328884
-25.369116 -26.319387 -24.444366
-24.731231 -25.153044 -24.930329
-26.133155 -25.572238 -24.083713
-25.081517 -26.405522 -24.463358
-23.372732 -27.325341 -22.918294
-24.164932 -26.105550 -24.629719
-26.304340 -25.246345 -24.236100
-25.817974 -25.592779 -24.727861
-25.788273 -25.839328 -24.348987
-23.541870 -27.282484 -22.398848
-25.850038 -25.995399 -23.863511
-24.743526 -26.883623 -24.252166
-25.125257 -26.327188 -24.556103
-25.088408 -26.616533 -23.986892
-25.606505 -26.472079 -23.204876
-24.313730 -27.234780 -23.275333
-24.656203 -27.093705 -23.247331
-25.081813 -27.076449 -22.696562
-25.544740 -26.316008 -23.690352
-25.459568 -26.671200 -23.767219
-25.613070 -26.154610 -23.975563
-25.899962 -26.028034 -23.458760
-25.117095 -26.812275 -23.795221
-24.092794 -26.221964 -24.779295
-25.399958 -26.501165 -24.040711
-25.646789 -25.918672 -24.575474
-24.408391 -26.928484 -23.859744
-26.354264 -25.278980 -23.831349
-25.223697 -24.987301 -24.869423
-24.614326 -25.813448 -24.798666
-25.466932 -26.145433 -24.287194
-26.167295 -25.648203 -23.556186
-24.058187 -25.816443 -24.920420
-25.742694 -26.150708 -23.562471
-25.090650 -25.921667 -24.697228
-25.360819 -26.743405 -22.987490
-25.045518 -27.014448 -23.436073
-24.832540 -26.904648 -23.715629
