-25.469500 -25.251598 -24.800804
-24.817944 -26.101531 -24.540814
-24.904017 -26.965041 -23.588474
-25.267338 -25.809429 -24.709761
-24.745806 -26.217945 -24.690390
-24.969728 -26.885407 -22.427551
-25.749795 -25.834323 -24.532684
-23.846623 -27.156326 -23.443429
-24.743526 -26.883623 -24.252166
-25.363672 -26.341833 -24.355272
-25.885183 -25.726404 -24.331479
-26.370096 -24.507435 -23.309117
-25.085999 -26.742548 -24.224164
-25.542710 -25.867479 -24.359481
-25.023479 -25.817230 -24.821498
-25.850038 -25.995399 -23.863511
-25.435988 -26.338647 -23.532365
-26.193115 -24.452671 -24.304380
-25.879739 -25.748850 -24.242385
-26.012133 -25.180440 -24.578921
-25.557831 -25.929494 -24.206332
-24.408513 -26.923310 -23.845631
-25.352892 -26.369653 -23.961417
-25.407322 -25.975398 -24.560686
-25.223697 -24.987301 -24.869423
-25.035785 -25.089825 -24.885460
-25.148018 -26.786568 -23.713400
-25.917869 -25.646091 -23.364075
-25.430881 -26.475458 -23.958890
-25.708554 -26.074743 -24.089998
-25.807194 -25.620599 -24.334006
-24.561807 -27.077622 -23.348299
-24.189096 -27.015251 -23.415427
-25.817974 -25.592779 -24.727861
-26.304340 -25.246345 -24.236100
-25.869003 -25.767398 -23.049465
-26.454273 -24.482991 -23.890533
-25.602066 -26.149565 -24.111277
-26.311316 -24.942799 -23.548534
-26.379497 -23.934881 -24.055505
-25.780870 -26.071557 -23.267091
-26.146676 -25.366683 -23.180573
-25.434488 -26.583960 -23.609777
-24.066040 -27.064385 -23.873633
-25.909127 -25.264789 -24.621711
-25.441187 -26.140540 -24.339312
-26.608512 -23.687614 -22.328515
-25.088408 -26.616533 -23.986892
-26.133155 -25.572238 -24.083713
-25.291127 -26.213582 -24.446893
-24.426497 -27.102141 -22.720874
-23.388432 -27.250321 -23.509213
-23.926837 -27.220553 -23.334946
-26.515058 -24.393699 -23.833050
-25.260785 -26.653929 -23.158941
-24.740103 -25.118547 -24.899556
-26.162856 -25.325689 -24.462587
-24.138178 -26.947971 -23.724057
-25.454837 -26.134048 -24.393207
-25.837733 -25.810560 -24.150441
-25.524820 -26.379911 -23.380239
-25.384382 -25.752207 -24.602597
-23.715221 -26.916755 -23.926754
-26.054525 -25.660231 -23.177162
-24.233642 -26.974994 -23.440891
-24.535081 -26.412641 -24.295324
-26.664062 -23.540247 -23.657557
-25.542359 -26.184967 -22.698136
-25.527678 -26.281034 -22.896194
-24.293252 -27.145029 -23.167399
