22.034511 23.169455 25.426498
22.32211 23.08332 25.407506
23.020684 23.933054 25.283796
23.243023 23.410838 25.287301
22.376984 23.02838 25.398496
23.897591 23.866984 25.188984
22.736826 24.072522 25.352801
23.520546 23.563714 25.226815
23.876208 23.268804 25.355396
22.729897 22.779873 25.436926
22.459153 24.473237 25.221693
22.980685 24.064721 25.241064
24.676096 25.657342 24.674696
24.676096 25.657342 24.674696
24.603551 25.529091 24.766317
24.281576 25.894504 24.496739
24.415639 25.631615 24.782354
24.226702 25.949444 24.505749
24.06604 27.064385 23.873633
24.06604 27.064385 23.873633
23.395543 27.079512 23.740163
23.907813 27.072396 23.474914
23.532088 27.285764 23.144828
23.398458 27.276303 23.351776
24.120914 27.009445 23.864623
24.059649 27.475499 22.658492
24.06604 27.064385 23.873633
23.388432 27.250321 23.509213
22.040126 27.687136 20.950755
23.443306 27.195381 23.500203
23.727959 27.469415 22.906348
22.272215 27.621931 21.945441
22.821383 27.602987 21.795163
23.525793 24.405842 25.176151
23.813288 24.407079 25.150904
23.590593 24.665482 25.017041
24.050226 25.549499 24.852267
24.050226 25.549499 24.852267
24.676096 25.657342 24.674696
24.698309 26.930548 23.728557
24.7984 26.828683 24.243156
24.985908 26.844413 23.709565
24.743526 26.883623 24.252166
24.655979 27.024011 23.384781
24.904017 26.965041 23.588474
24.743526 26.883623 24.252166
24.655979 27.024011 23.384781
24.998003 26.855798 23.603552
24.743526 26.883623 24.252166
24.655979 27.024011 23.384781
23.901497 27.101386 23.434419
24.777666 26.959588 23.724639
24.06604 27.064385 23.873633
23.532088 27.285764 23.144828
24.06604 27.064385 23.873633
23.846623 27.156326 23.443429
23.991792 27.081141 23.407848
24.506345 27.025719 23.402205
24.985908 26.844413 23.709565
24.269184 27.275037 23.249869
24.819684 27.256654 22.969589
23.643974 27.531663 23.089456
24.72766 24.514577 25.070597
24.801475 24.277397 25.14614
23.947356 23.505705 25.146821
24.958677 24.799675 25.009446
23.947356 23.505705 25.146821
24.959213 25.234181 24.894898
24.603551 25.529091 24.766317
25.014087 25.179241 24.885888
24.946024 25.388016 24.738315
24.676096 25.657342 24.674696
24.414566 25.481952 24.869044
25.248005 25.69474 24.402559
25.085999 26.742548 24.224164
24.948654 26.354657 24.474895
24.743526 26.883623 24.252166
24.777666 26.959588 23.724639
25.434488 26.58396 23.609777
24.743526 26.883623 24.252166
25.148512 26.809894 23.249198
24.998003 26.855798 23.603552
24.76481 27.311594 22.978599
25.047673 27.000484 23.224089
24.760074 27.086619 23.243081
24.819684 27.256654 22.969589
24.269184 27.275037 23.249869
24.892628 23.949407 25.03999
25.154187 25.312441 24.784417
25.397291 24.535393 24.784538
25.198432 24.518246 24.912891
25.397291 24.535393 24.784538
25.301686 25.093106 24.866896
25.489899 25.641106 24.33563
24.958677 24.799675 25.009446
25.492164 24.348786 24.81826
24.745547 25.096101 24.98865
25.154187 25.312441 24.784417
24.993272 26.318646 24.22954
25.581264 24.143618 24.772935
25.447401 24.673143 24.765248
25.065298 26.143611 24.341915
25.885183 25.726404 24.331479
25.5106 26.240043 24.217879
25.085999 26.742548 24.224164
25.602066 26.149565 24.111277
25.434488 26.58396 23.609777
24.76481 27.311594 22.978599
25.088408 26.616533 23.986892
25.215897 26.633467 23.350935
25.148018 26.786568 23.7134
25.229892 26.537189 23.760405
24.564142 26.975312 23.389346
24.7984 26.828683 24.243156
25.088408 26.616533 23.986892
25.107283 27.170519 22.950597
25.47528 24.641198 24.782011
25.830917 24.066328 24.650386
25.817753 24.500123 24.754009
25.845561 25.346196 24.464211
25.817974 25.592779 24.727861
25.859089 26.081455 23.603492
25.572619 26.284063 23.707115
25.807194 25.620599 24.334006
24.743526 26.883623 24.252166
25.572365 26.396114 23.732403
25.65199 26.1822 23.706526
25.850038 25.995399 23.863511
25.430881 26.475458 23.95889
25.859089 26.081455 23.603492
25.633095 26.363191 22.262754
25.633095 26.363191 22.262754
25.602066 26.149565 24.111277
25.817753 24.500123 24.754009
26.30434 25.246345 24.2361
25.859089 26.081455 23.603492
26.235172 25.322503 23.63968
25.952055 25.745664 23.419478
25.918336 25.981602 22.819567
25.915958 26.052081 22.508244
25.606505 26.472079 23.204876
25.892975 26.269471 23.101253
26.347277 25.520417 23.473842
26.313218 24.435952 24.1392
25.959237 24.420779 24.527522
25.959237 24.420779 24.527522
26.162856 25.325689 24.462587
26.400958 24.918783 23.938179
26.235172 25.322503 23.63968
26.133155 25.572238 24.083713
25.855482 25.972953 23.952605
26.347277 25.520417 23.473842
26.41474 25.358108 22.386988
26.331097 25.561411 22.191828
26.30434 25.246345 24.2361
26.678631 24.518068 24.069287
26.697766 23.48034 23.331581
26.711563 24.17111 23.096562
26.413026 24.057233 24.197587
26.445438 24.973864 23.444334
26.571277 24.864178 23.174288
26.571277 24.864178 23.174288
26.647933 24.902312 23.011941
26.205793 25.599761 23.700329
26.354264 25.27898 23.831349
26.193631 25.651366 22.639352
26.479126 25.157726 23.170877
26.41474 25.358108 22.386988
26.397201 25.553052 23.069091
26.176092 25.84631 23.321455
26.43843 25.192427 23.367692
26.678631 24.518068 24.069287
26.562013 24.678382 23.291829
26.68406 24.244177 22.842209
26.750389 24.535299 22.40503
26.395493 24.918355 24.12995
26.614214 25.13825 22.41203
26.697766 23.48034 23.331581
26.864574 23.511504 22.604859
26.678631 24.518068 24.069287
26.647933 24.902312 23.011941
26.711563 24.17111 23.096562
26.721987 23.828891 23.313302
26.68406 24.244177 22.842209
27.064251 22.789643 21.842179
26.755162 24.063515 23.174653
26.647933 24.902312 23.011941
26.864574 23.511504 22.604859
26.884148 22.96255 23.082706
26.726641 23.625861 23.255863
26.864574 23.511504 22.604859
26.884148 22.96255 23.082706
26.884148 22.96255 23.082706
26.683865 24.138285 23.674114
26.788919 23.15235 23.225431
26.81744 23.590004 23.144221
26.680996 24.25292 22.947777
26.697766 23.48034 23.331581
27.000135 23.970322 22.382404
26.884148 22.96255 23.082706
27.019709 23.421368 22.860251
27.063065 22.732191 22.104266
27.019709 23.421368 22.860251
26.678631 24.518068 24.069287
26.81744 23.590004 23.144221
27.019709 23.421368 22.860251
27.063065 22.732191 22.104266
26.697766 23.48034 23.331581
27.019709 23.421368 22.860251
27.064251 22.789643 21.842179
26.726287 23.917994 23.250371
26.776211 23.950629 22.84562
27.030532 23.025581 21.242268
26.788919 23.15235 23.225431
26.683865 24.138285 23.674114
27.030532 23.025581 21.242268
26.485357 24.640248 23.454176
26.333744 25.097335 23.973055
25.360819 26.743405 22.98749
