-24.800680 -26.163005 -24.681380
-24.702165 -25.395817 -24.850052
-26.644912 -24.754006 -23.469376
-24.938415 -25.178538 -24.808616
-24.801475 -24.277397 -25.146140
-25.613070 -26.154610 -23.975563
-25.739764 -24.394318 -24.756536
-25.291127 -26.213582 -24.446893
-25.674835 -26.310681 -23.490087
-26.454818 -24.450287 -23.637741
-25.817974 -25.592779 -24.727861
-23.742380 -27.129070 -23.123586
-26.322969 -24.812978 -23.940706
-25.040782 -26.789473 -23.700555
-25.343148 -26.560214 -23.070101
-25.085999 -26.742548 -24.224164
-26.381021 -25.594046 -21.787077
-26.647581 -23.941228 -23.219035
-25.726505 -26.289033 -22.705407
-25.443388 -26.712194 -22.485205
-25.898368 -25.315483 -23.946991
-26.411719 -25.209802 -22.844423
-26.099436 -25.808176 -23.483802
-26.193115 -24.452671 -24.304380
-26.024824 -25.906780 -22.798288
-25.860911 -25.866851 -23.965603
-25.329953 -26.577771 -23.755361
-26.347277 -25.520417 -23.473842
-25.060031 -26.983375 -22.849899
-26.012133 -25.180440 -24.578921
-25.760570 -26.118680 -24.565033
