23.60561 24.202406 25.239697
22.641863 22.559628 25.323674
24.452765 24.755324 25.183191
23.879779 23.907271 25.215128
23.020684 23.933054 25.283796
23.020684 23.933054 25.283796
23.134568 23.654635 25.266442
22.607497 24.017508 25.394561
22.980685 24.064721 25.241064
22.768131 22.517688 25.386812
22.459153 24.473237 25.221693
22.459153 24.473237 25.221693
24.676096 25.657342 24.674696
24.226702 25.949444 24.505749
23.846623 27.156326 23.443429
23.388432 27.250321 23.509213
23.884278 26.905058 23.945359
23.388432 27.250321 23.509213
23.398458 27.276303 23.351776
23.846623 27.156326 23.443429
23.532088 27.285764 23.144828
23.877167 27.075867 23.714409
23.532088 27.285764 23.144828
21.624451 27.7433 21.381719
23.643974 27.531663 23.089456
24.758112 25.49054 24.754352
24.454565 25.350285 24.911776
22.980685 24.064721 25.241064
24.658425 25.474151 24.757307
24.092794 26.221964 24.779295
24.948654 26.354657 24.474895
24.743526 26.883623 24.252166
24.614326 25.813448 24.798666
24.676096 25.657342 24.674696
24.743526 26.883623 24.252166
24.06604 27.064385 23.873633
24.743526 26.883623 24.252166
24.777666 26.959588 23.724639
24.06604 27.064385 23.873633
24.777666 26.959588 23.724639
24.998003 26.855798 23.603552
24.819684 27.256654 22.969589
24.06604 27.064385 23.873633
24.76481 27.311594 22.978599
24.777666 26.959588 23.724639
24.209574 27.105002 23.523361
24.705903 27.056646 22.98003
23.727959 27.469415 22.906348
24.209574 27.105002 23.523361
24.371998 24.809487 24.942016
24.959213 25.234181 24.894898
25.154187 25.312441 24.784417
24.958677 24.799675 25.009446
24.050226 25.549499 24.852267
24.959213 25.234181 24.894898
24.698424 25.342484 24.800039
25.026643 26.460462 24.472368
24.7984 26.828683 24.243156
25.372723 26.427889 24.095253
25.088408 26.616533 23.986892
24.655979 27.024011 23.384781
24.655979 27.024011 23.384781
24.655979 27.024011 23.384781
25.203041 26.985473 22.604895
25.026643 26.460462 24.472368
24.269184 27.275037 23.249869
25.107283 27.170519 22.950597
24.72766 24.514577 25.070597
24.801475 24.277397 25.14614
24.801475 24.277397 25.14614
24.950243 23.492704 25.069247
25.223697 24.987301 24.869423
25.47528 24.641198 24.782011
24.881224 25.128376 24.897425
24.881224 25.128376 24.897425
25.564024 24.439223 24.913133
25.369116 26.319387 24.444366
25.057279 25.779851 24.4544
25.271092 24.652037 24.91608
25.489899 25.641106 24.33563
25.372723 26.427889 24.095253
24.676096 25.657342 24.674696
25.602066 26.149565 24.111277
25.086253 26.630497 24.198876
25.021199 26.482908 24.383274
25.085999 26.742548 24.224164
25.026643 26.460462 24.472368
25.085999 26.742548 24.224164
25.223001 26.326178 24.236871
24.7984 26.828683 24.243156
25.148018 26.786568 23.7134
25.602066 26.149565 24.111277
24.423047 27.030449 23.024471
25.817753 24.500123 24.754009
25.817974 25.592779 24.727861
25.739764 24.394318 24.756536
25.859089 26.081455 23.603492
25.952055 25.745664 23.419478
25.602066 26.149565 24.111277
25.65199 26.1822 23.706526
25.229892 26.537189 23.760405
25.855482 25.972953 23.952605
25.598955 26.287226 22.790281
25.952055 25.745664 23.419478
25.598955 26.287226 22.790281
24.904017 26.965041 23.588474
25.876628 25.886511 22.921389
25.747151 26.307495 22.66718
25.876628 25.886511 22.921389
25.633095 26.363191 22.262754
25.959237 24.420779 24.527522
25.845561 25.346196 24.464211
25.817753 24.500123 24.754009
25.47528 24.641198 24.782011
26.30434 25.246345 24.2361
26.162856 25.325689 24.462587
26.354264 25.27898 23.831349
25.777493 25.867148 23.955132
25.885183 25.726404 24.331479
25.598955 26.287226 22.790281
26.054525 25.660231 23.177162
25.434488 26.58396 23.609777
25.572365 26.396114 23.732403
26.137067 25.758823 22.25588
25.918336 25.981602 22.819567
25.915958 26.052081 22.508244
25.959237 24.420779 24.527522
26.162856 25.325689 24.462587
25.959237 24.420779 24.527522
26.395493 24.918355 24.12995
26.133155 25.572238 24.083713
26.571277 24.864178 23.174288
26.30434 25.246345 24.2361
26.270621 25.482283 23.636189
26.413026 24.057233 24.197587
26.201453 25.558441 23.039769
26.647933 24.902312 23.011941
26.235172 25.322503 23.63968
26.479126 25.157726 23.170877
26.647933 24.902312 23.011941
26.087143 25.726188 22.660631
25.952055 25.745664 23.419478
26.087143 25.726188 22.660631
26.41474 25.358108 22.386988
26.678631 24.518068 24.069287
26.728116 24.061929 22.448983
26.235172 25.322503 23.63968
26.711563 24.17111 23.096562
26.347277 25.520417 23.473842
26.726723 24.053866 23.04882
26.354264 25.27898 23.831349
26.193631 25.651366 22.639352
26.43843 25.192427 23.367692
26.750389 24.535299 22.40503
26.614214 25.13825 22.41203
26.750389 24.535299 22.40503
26.678631 24.518068 24.069287
26.400958 24.918783 23.938179
26.162856 25.325689 24.462587
26.864574 23.511504 22.604859
26.397201 25.553052 23.069091
26.614214 25.13825 22.41203
26.413026 24.057233 24.197587
26.728116 24.061929 22.448983
26.647933 24.902312 23.011941
27.000135 23.970322 22.382404
26.864574 23.511504 22.604859
26.711563 24.17111 23.096562
26.864574 23.511504 22.604859
26.776211 23.950629 22.84562
26.700891 23.172606 23.271991
26.81744 23.590004 23.144221
27.000135 23.970322 22.382404
26.788919 23.15235 23.225431
26.711563 24.17111 23.096562
26.788919 23.15235 23.225431
26.864574 23.511504 22.604859
26.884148 22.96255 23.082706
26.776211 23.950629 22.84562
27.000135 23.970322 22.382404
26.726287 23.917994 23.250371
26.683865 24.138285 23.674114
27.064251 22.789643 21.842179
27.019709 23.421368 22.860251
26.776211 23.950629 22.84562
27.030532 23.025581 21.242268
26.788919 23.15235 23.225431
27.019709 23.421368 22.860251
27.063065 22.732191 22.104266
27.064251 22.789643 21.842179
26.777099 23.837355 23.237368
26.726287 23.917994 23.250371
26.697766 23.48034 23.331581
26.81744 23.590004 23.144221
26.683865 24.138285 23.674114
27.019709 23.421368 22.860251
26.367498 24.983069 24.065583
26.680996 24.25292 22.947777
26.486667 24.613239 23.742935
26.644912 24.754006 23.469376
26.751137 24.446574 21.91554
26.395493 24.918355 24.12995
26.361774 25.154293 23.530039
26.429633 24.99432 23.602423
25.402329 26.082792 24.289936
25.5106 26.240043 24.217879
