-25.046799 -26.403984 -24.380285
-25.115403 -26.593538 -23.961119
-25.291127 -26.213582 -24.446893
-25.701381 -26.260548 -23.711087
-25.468936 -26.627619 -22.596644
-26.151784 -25.138871 -23.788319
-25.125257 -26.327188 -24.556103
-25.749795 -25.834323 -24.532684
-24.843010 -26.710770 -23.492287
-24.003603 -27.267026 -22.375100
-25.329953 -26.577771 -23.755361
-26.100205 -25.742325 -22.713447
-25.507351 -26.457960 -23.775139
-25.788273 -25.839328 -24.348987
-26.056106 -26.081622 -22.754806
-25.850459 -26.307302 -22.736073
-25.121071 -26.661089 -23.028501
-25.829123 -25.717948 -23.864888
-25.351237 -27.005742 -22.481794
-25.496061 -26.085600 -24.330302
-24.390352 -26.881296 -23.300083
-24.191106 -27.044223 -23.105838
-25.706117 -26.485523 -23.446605
-26.300025 -25.333273 -23.373144
-25.686379 -26.529187 -22.752081
-25.399958 -26.501165 -24.040711
-25.081813 -27.076449 -22.696562
-24.603146 -26.672003 -23.746573
-25.068083 -26.831955 -23.106718
-26.410907 -24.789215 -23.558463
-24.450843 -26.829847 -24.189407
-26.284147 -24.615443 -23.938759
-25.369880 -26.565713 -23.312505
-25.496066 -25.773423 -24.691808
-25.847378 -25.443769 -24.464816
-24.745801 -26.530122 -24.328884
-25.810494 -26.151315 -24.160282
-25.353832 -26.984842 -22.629983
-24.353554 -25.932394 -24.592187
-26.350671 -25.012457 -22.669675
-25.845723 -26.082327 -23.000555
-25.883560 -25.641720 -23.396945
-26.181485 -24.892322 -24.167193
