-25.916950 -26.224094 -22.809848
-23.587241 -27.191750 -22.754907
-25.388628 -25.089679 -24.688339
-25.867026 -26.191459 -23.214599
-24.393051 -25.465890 -24.962719
-26.162559 -25.423228 -23.820668
-25.957431 -25.952194 -23.597939
-25.520052 -26.447247 -22.600087
-24.803051 -26.007802 -24.716220
-24.882464 -26.937283 -23.310878
-26.271786 -25.515259 -22.526364
-25.081517 -26.405522 -24.463358
-24.582591 -26.883468 -23.766339
-24.404031 -26.586284 -24.084825
-25.136687 -27.021509 -22.687552
-25.779199 -25.685313 -24.269639
-26.139620 -25.631346 -23.614612
-25.031985 -26.591366 -23.935286
-26.201385 -25.787417 -23.129136
-26.323008 -25.115883 -22.780135
-24.057699 -27.093572 -22.352565
-25.651693 -26.279739 -23.064607
-24.306839 -27.023769 -23.751799
-26.678631 -24.518068 -24.069287
-26.391032 -24.604203 -24.088279
-25.844634 -26.227280 -23.632755
-25.810494 -26.151315 -24.160282
-26.181485 -24.892322 -24.167193
-25.419804 -26.598348 -22.907754
-25.914587 -25.577394 -24.068434
-25.228480 -25.751681 -24.660385
-26.356727 -24.879945 -23.380046
-25.724498 -24.961498 -24.598305
-25.517037 -26.595360 -23.906398
-25.074922 -26.865438 -23.173028
-24.584857 -24.643372 -24.893970
-25.760570 -26.118680 -24.565033
-26.192265 -24.864502 -24.561048
-25.869256 -24.929568 -24.526520
-25.363672 -26.341833 -24.355272
-25.446032 -24.563778 -24.851167
