-25.101673 -26.349044 -24.371275
-25.335376 -25.320694 -24.597128
-25.454832 -26.446225 -24.031701
-24.288458 -26.493109 -24.323892
-25.408285 -26.617999 -23.748411
-25.726851 -26.354618 -23.965122
-25.102547 -26.945544 -23.215079
-25.760570 -26.118680 -24.565033
-25.851443 -24.727711 -24.484241
-25.374566 -26.853937 -23.148500
-25.810494 -26.151315 -24.160282
-25.093750 -26.747437 -23.449810
-25.112359 -26.587300 -24.059703
-25.894660 -26.064762 -23.696625
-24.848818 -26.884644 -23.374203
-25.398520 -26.170377 -24.181321
-25.335740 -26.489748 -23.840032
-26.147259 -25.753632 -22.648656
-24.948654 -26.354657 -24.474895
-24.382773 -25.093844 -24.974365
-24.760074 -27.086619 -23.243081
-26.126764 -25.983352 -22.868572
-25.081517 -26.405522 -24.463358
-25.550360 -26.357086 -23.347071
-26.218915 -25.689804 -22.871983
-24.798400 -26.828683 -24.243156
-24.435267 -26.080889 -24.751293
-24.651467 -26.868730 -23.511813
-25.583380 -26.575082 -22.613359
-25.003528 -26.299717 -24.465885
-25.373757 -24.914259 -24.761842
-25.219137 -25.018490 -24.816901
-24.848324 -26.861318 -23.838405
-25.208467 -25.859558 -24.710800
-24.258879 -26.925018 -23.863055
-24.512608 -26.985918 -23.703931
-25.452165 -24.480453 -24.775528
-25.736303 -26.561822 -22.347330
-26.134861 -25.390403 -24.398220
-26.390082 -24.577528 -23.630025
-25.326943 -26.291641 -24.074763
-25.901668 -25.846199 -23.773267
-25.397291 -24.535393 -24.784538
-25.408706 -26.929902 -22.620973
-25.201103 -26.385325 -24.190825
-24.884660 -26.412934 -24.136766
-25.539546 -25.224247 -24.708611
-25.458630 -26.962537 -22.216222
-25.038525 -24.530769 -24.819880
-26.101142 -25.626341 -23.798309
-26.179112 -25.314047 -23.173089
-26.357313 -24.840141 -23.488368
-26.158541 -25.412617 -23.599631
-24.835340 -24.442539 -24.924766
-25.136687 -27.021509 -22.687552
-25.594420 -25.169307 -24.699601
-25.779199 -25.685313 -24.269639
-26.160904 -26.059317 -22.341045
-25.844634 -26.227280 -23.632755
-25.867949 -26.082137 -23.173356
-26.572983 -24.682343 -23.488795
-26.304340 -25.246345 -24.236100
-24.061304 -26.839410 -24.138115
-24.820965 -26.646190 -23.913801
-24.907099 -25.267835 -24.733461
-25.769448 -25.308287 -24.468133
-25.739764 -24.394318 -24.756536
-24.702165 -25.395817 -24.850052
-26.455867 -25.447415 -22.842028
-25.691823 -26.506741 -22.841175
-25.223001 -26.326178 -24.236871
-26.518109 -24.737283 -23.497805
-25.807194 -25.620599 -24.334006
-25.119953 -26.713398 -23.311176
-24.092794 -26.221964 -24.779295
-25.836598 -25.471589 -24.070961
-24.993031 -26.986066 -23.051937
-24.644356 -27.039539 -23.280863
-25.867026 -26.191459 -23.214599
-23.448876 -27.332264 -22.482823
-24.936098 -25.073436 -24.888415
-25.838279 -25.161506 -24.587864
-24.359692 -25.536892 -24.878054
-24.572218 -27.155953 -23.430439
-25.442425 -26.693964 -23.220884
-25.613834 -26.400936 -22.843702
-24.492072 -26.469222 -24.488008
-26.454818 -24.450287 -23.637741
-23.702605 -27.393164 -22.323699
-26.223146 -25.349185 -22.996822
-24.819684 -27.256654 -22.969589
