-26.040441 -24.603675 -24.678907
-26.082233 -24.996729 -24.119061
-26.480832 -24.975891 -23.485384
-26.131594 -24.275685 -24.572757
-25.524374 -25.196658 -24.791794
-25.335376 -25.320694 -24.597128
-24.940671 -24.620770 -25.069763
-25.495806 -25.302581 -24.615866
-25.838279 -25.161506 -24.587864
-25.685573 -24.841317 -24.593451
-25.559813 -24.763786 -24.840726
-25.311176 -26.410782 -24.396086
-25.760570 -26.118680 -24.565033
-25.408285 -26.617999 -23.748411
-24.400660 -25.675368 -24.892418
-25.584550 -25.100606 -24.746988
-25.881216 -25.435578 -23.825606
-25.726851 -26.354618 -23.965122
-25.322212 -25.754489 -24.700751
-25.926655 -24.715844 -24.327842
-25.955866 -24.905164 -24.309043
-26.057268 -25.468253 -23.475705
-24.800680 -26.163005 -24.681380
-24.979739 -25.895564 -24.728753
-25.251688 -24.188538 -25.025863
-25.374566 -26.853937 -23.148500
-26.194362 -25.178499 -23.589007
-25.652239 -26.453222 -23.279608
-25.935356 -26.030061 -23.499810
-25.078353 -25.762290 -24.812488
-25.869256 -24.929568 -24.526520
-24.678333 -25.274653 -25.023526
-26.046268 -25.681281 -23.807319
-24.512183 -24.325280 -25.158094
-26.695943 -24.010105 -22.198517
-25.851723 -25.790690 -24.458883
-24.958891 -26.910101 -23.579464
-26.117535 -25.411233 -23.185668
-26.316566 -25.103887 -22.581480
-26.083929 -25.511221 -22.914117
-24.530345 -26.187666 -24.559806
-25.158946 -26.197963 -24.453653
-25.415467 -25.293114 -24.856455
-25.646509 -24.855693 -24.600832
-24.413569 -24.458554 -25.074359
-26.513764 -24.628933 -22.512659
-25.306084 -24.702886 -24.999850
-25.043746 -25.356769 -24.953613
-26.685946 -24.165345 -23.343518
-25.003528 -26.299717 -24.465885
-25.803507 -26.392752 -23.802775
-25.847378 -25.443769 -24.464816
-24.871544 -26.601339 -24.072856
-24.271260 -26.924819 -23.108414
-24.169710 -24.466355 -25.186096
-24.034787 -26.859154 -23.591005
-26.264573 -25.164397 -23.460912
-24.701273 -25.497844 -24.981615
-24.798400 -26.828683 -24.243156
-25.969496 -26.106026 -22.972283
-25.933039 -24.942018 -24.132601
-25.217340 -24.904861 -24.868728
-25.393076 -26.192823 -24.092227
-26.076840 -25.950717 -23.273323
-24.338977 -26.438695 -24.269223
-26.508530 -25.008716 -22.907832
-25.223809 -24.220483 -25.009100
-26.655248 -24.549589 -22.286172
-26.132875 -24.509259 -24.109071
-24.251879 -25.789946 -24.812668
-26.333744 -25.097335 -23.973055
-25.091881 -26.497549 -23.951769
-25.065293 -26.455788 -23.980409
-23.928787 -27.065894 -23.136416
-25.967005 -24.622865 -24.218281
-26.099784 -25.430422 -23.840885
-25.049357 -23.431658 -25.031250
-24.958204 -23.759648 -25.137400
-24.806661 -26.697282 -23.637031
-26.726641 -23.625861 -23.255863
-25.359190 -26.004807 -24.594466
-24.335860 -25.415728 -25.051528
-25.957194 -24.905805 -24.144277
-23.252893 -23.479539 -25.239914
-26.225413 -25.431877 -22.687630
-26.678631 -24.518068 -24.069287
