-23.629733 -23.831959 -25.013251
-23.894319 -26.955772 -23.835794
-24.760074 -27.086619 -23.243081
-25.304316 -26.059747 -24.603476
-24.240118 -27.024543 -23.794341
-23.415964 -25.640563 -24.849101
-24.291222 -26.420442 -24.407061
-25.270597 -26.295685 -24.003565
-25.955866 -24.905164 -24.309043
-25.003528 -26.299717 -24.465885
-24.092794 -26.221964 -24.779295
-24.229745 -27.297028 -23.458441
-23.309244 -24.508039 -25.052305
-25.656129 -25.714965 -23.730770
-24.993267 -26.630823 -23.868034
-25.143431 -26.815438 -22.878387
-26.055057 -25.084494 -23.550519
-25.820383 -25.466764 -24.490589
-24.743526 -26.883623 -24.252166
-25.873607 -25.738205 -23.378824
-25.104087 -25.169482 -24.870717
-26.415391 -23.792085 -23.076077
-25.473846 -26.372412 -23.291602
-26.221636 -24.890325 -24.223170
-24.593089 -27.202981 -22.940760
-25.817974 -25.592779 -24.727861
-25.956347 -25.201482 -23.026562
-25.348415 -25.720450 -24.562117
-25.791103 -26.025216 -22.984277
