-25.784087 -26.173229 -22.821385
-25.813788 -25.926680 -23.200259
-25.855017 -25.566055 -23.498860
-25.264002 -26.755601 -22.713235
-25.914736 -25.831239 -22.968939
-25.434098 -26.577130 -23.513184
-25.072038 -26.850772 -22.386883
-25.797618 -25.779779 -23.697538
-23.835805 -24.642172 -25.057877
-24.848327 -26.811765 -23.144199
-25.325767 -26.911672 -22.227759
-26.295423 -25.043094 -23.334486
-26.278870 -25.152275 -23.982065
-25.739836 -26.249585 -24.046516
-26.300657 -24.663311 -22.939313
-24.658066 -25.735114 -24.891411
-25.569740 -26.428056 -23.246567
-24.647286 -25.762934 -24.497556
-24.837954 -27.084250 -22.808299
-25.120346 -26.720158 -23.077620
-25.983912 -25.452000 -23.842588
-25.214681 -26.669071 -23.082980
-24.283858 -26.946209 -23.887086
-25.359486 -26.675734 -22.827670
-24.409585 -25.774340 -24.675934
-23.801103 -27.242071 -22.736048
-24.722472 -26.681927 -23.662178
-23.975479 -26.483012 -24.097511
-25.107459 -26.067159 -24.276884
-26.056106 -26.081622 -22.754806
-24.776189 -26.928179 -23.293775
-24.667558 -24.990296 -24.991177
-25.558960 -26.455876 -22.852712
-25.071147 -26.628454 -23.433252
-26.045677 -25.608071 -23.357112
-25.631505 -26.584127 -22.761091
-25.750368 -26.409167 -22.221474
-25.290442 -26.541687 -23.877569
-24.623459 -25.329593 -25.032536
-25.338202 -26.247763 -24.101237
-25.080878 -25.603506 -24.622820
-24.250497 -26.949969 -22.904995
-23.732799 -24.726521 -25.100667
-24.707990 -25.767749 -24.486660
-24.817618 -24.917254 -24.883596
-25.104072 -26.252903 -24.462663
-25.327422 -26.275583 -23.707382
-25.973132 -25.479820 -23.448733
-24.699533 -26.890045 -23.456122
-25.168935 -24.275423 -25.018110
-26.190773 -25.750243 -23.123397
-25.790849 -26.137267 -23.009565
-24.320838 -26.680105 -23.716899
-26.600374 -24.604529 -22.295182
-23.248348 -24.507891 -25.154573
-25.620139 -25.659920 -24.349776
-25.146229 -26.440265 -24.199835
-26.512436 -24.628292 -22.677425
-23.948083 -24.061331 -25.211695
-25.174133 -25.142131 -24.778524
-25.950193 -25.687938 -23.242677
-26.631072 -24.220285 -23.352528
-24.910092 -26.967836 -22.658723
-26.428803 -24.388921 -23.636498
-23.506100 -24.760220 -25.065583
-26.245151 -25.388213 -23.382154
-24.733252 -26.654107 -24.056033
-24.749219 -25.407124 -24.785261
-25.209379 -24.637917 -24.800575
-25.164704 -24.616042 -24.893271
-24.702165 -25.395817 -24.850052
-25.820550 -25.890718 -23.388439
-25.573894 -24.507924 -24.865746
-25.057934 -26.669378 -23.821940
-24.380393 -26.135829 -24.760303
-26.011958 -25.844009 -22.757201
-26.137386 -25.231619 -24.208552
-25.788273 -25.839328 -24.348987
-24.338177 -25.520830 -24.971729
-25.766172 -26.252748 -23.129682
-24.357337 -24.233656 -25.077248
-25.817974 -25.592779 -24.727861
-24.519424 -25.818788 -24.482977
-25.842428 -25.531344 -24.069075
-24.948654 -26.354657 -24.474895
-25.841334 -25.696564 -23.806479
