-25.752187 -26.319668 -22.454423
-25.609518 -25.607702 -23.990979
-25.573958 -26.061883 -23.041846
-25.660036 -26.613216 -22.451012
-24.170838 -27.042080 -23.459872
-25.574255 -25.964344 -23.683765
-24.827590 -26.992223 -23.319888
-24.115964 -27.097020 -23.468882
-25.966654 -24.584177 -24.370574
-26.276231 -24.391254 -23.347335
-25.313956 -26.645789 -22.828127
-24.914532 -26.521884 -24.161037
-25.600682 -25.612546 -24.272364
-25.833619 -25.987385 -23.349457
-24.899423 -26.569394 -24.089619
-24.058024 -27.188415 -23.420602
-25.933885 -24.846790 -24.228917
-25.198734 -26.769320 -22.019168
-24.799447 -25.083195 -24.646502
-25.368830 -26.590849 -22.819117
-25.148810 -26.736685 -22.423919
-25.434488 -26.583960 -23.609777
-24.511964 -25.136561 -24.713098
-25.027178 -24.023791 -24.833864
-25.716456 -25.540248 -23.385904
-25.476893 -25.228143 -24.298523
-25.320979 -24.674679 -24.665873
-25.747946 -24.922802 -24.027084
-24.983002 -25.638334 -24.632030
-25.687052 -25.689258 -23.648949
-24.699885 -26.061495 -24.411828
-26.181485 -24.892322 -24.167193
-25.143282 -26.561593 -23.977882
-25.249706 -25.354246 -24.391469
-25.226170 -25.248167 -24.465325
-24.038321 -27.268564 -22.458173
-25.924425 -25.168418 -24.002620
-25.148018 -26.786568 -23.713400
-24.955575 -26.884772 -23.065745
-25.283574 -24.722266 -24.628153
-25.516856 -26.178068 -23.882443
-24.848262 -24.259552 -24.726857
-25.942899 -26.302106 -22.696502
-24.082061 -27.190230 -22.550918
-23.448382 -27.308938 -22.947025
-25.650747 -25.247077 -24.289580
-25.964725 -25.288543 -23.780057
-25.499069 -25.045351 -24.519143
-25.245340 -24.984451 -24.678267
-25.701265 -26.252591 -22.749613
-23.794462 -27.276365 -22.569910
-24.572218 -27.155953 -23.430439
-24.681339 -26.977680 -23.536084
-26.176092 -25.846310 -23.321455
-25.430881 -26.475458 -23.958890
-26.524221 -24.169610 -23.417428
-25.927756 -24.831422 -24.326317
-24.025335 -24.814416 -24.919858
-25.187022 -26.483259 -24.070627
-26.182799 -24.541894 -23.704320
-26.221504 -24.645461 -22.426661
-24.882464 -26.937283 -23.310878
-24.892828 -27.029310 -22.799289
-25.197395 -26.210774 -24.406527
-24.798400 -26.828683 -24.243156
-25.710996 -25.227643 -23.939181
-23.758437 -25.499488 -24.821099
-24.507386 -24.701568 -24.740811
-23.739588 -27.331305 -22.578920
-23.682862 -24.955491 -24.947860
-25.578644 -26.350107 -22.877841
-24.816852 -24.688961 -24.766598
-25.926660 -24.403667 -24.689348
-26.209183 -24.925147 -23.589641
-24.844549 -26.624334 -24.098629
-24.511111 -24.616774 -24.946751
-26.055890 -25.080758 -23.817992
