-25.078353 -25.762290 -24.812488
-24.435841 -27.098486 -23.230401
-25.584484 -26.146114 -23.460989
-24.413569 -24.458554 -25.074359
-24.338977 -26.438695 -24.269223
-23.967572 -26.836602 -24.097749
-25.050603 -26.333898 -24.120229
-25.847378 -25.443769 -24.464816
-24.582836 -26.430894 -24.157486
-24.759439 -26.403425 -24.238694
-26.038786 -25.397060 -23.833578
-24.203300 -26.406420 -24.360448
-24.437122 -26.488022 -24.174613
-24.979739 -25.895564 -24.728753
-24.712940 -25.680174 -24.882401
-25.879442 -25.846389 -23.600466
-25.322212 -25.754489 -24.700751
-25.043746 -25.356769 -24.953613
-26.495155 -23.764660 -23.751430
-25.306084 -24.702886 -24.999850
-24.701273 -25.497844 -24.981615
-24.940671 -24.620770 -25.069763
-25.559813 -24.763786 -24.840726
-24.871544 -26.601339 -24.072856
-25.760570 -26.118680 -24.565033
-24.529071 -26.742414 -24.100858
-24.458207 -26.304080 -24.709382
-26.455156 -23.896327 -23.708698
-24.370467 -25.821249 -24.910403
-25.393076 -26.192823 -24.092227
-25.486035 -24.333418 -24.915660
-26.062045 -23.781386 -24.356163
-24.416966 -26.544500 -24.266696
-25.584550 -25.100606 -24.746988
-25.003528 -26.299717 -24.465885
-25.500436 -26.324451 -23.751822
-24.363296 -26.970235 -23.322022
-25.115403 -26.593538 -23.961119
-26.483677 -24.333981 -23.627488
-24.922207 -26.752052 -22.738640
-26.367498 -24.983069 -24.065583
-25.851744 -25.813564 -24.178018
-26.571615 -24.310218 -23.245245
-25.460285 -26.326448 -23.695845
-25.817974 -25.592779 -24.727861
-24.819684 -27.256654 -22.969589
-26.202558 -25.291561 -23.863400
-24.614326 -25.813448 -24.798666
-23.344683 -26.984660 -23.552532
-25.408285 -26.617999 -23.748411
-24.229745 -27.297028 -23.458441
-24.754144 -26.863599 -23.715289
-25.427891 -26.196200 -23.843443
-26.162559 -25.423228 -23.820668
-25.811263 -26.085464 -23.389927
-25.838279 -25.161506 -24.587864
-24.403777 -26.698335 -24.110113
-26.424897 -24.769345 -23.866905
-25.851443 -24.727711 -24.484241
-24.772930 -26.734613 -23.989121
-25.024812 -26.727688 -23.192318
-25.524374 -25.196658 -24.791794
-26.533145 -24.002132 -23.706171
-24.092794 -26.221964 -24.779295
-24.796923 -26.797274 -23.812292
-25.908830 -25.362328 -23.979792
-26.333744 -25.097335 -23.973055
-25.938531 -25.115779 -24.358666
-26.278870 -25.152275 -23.982065
-26.192260 -25.176679 -24.199542
-24.843054 -25.777442 -24.780713
-24.435267 -26.080889 -24.751293
-24.022169 -26.803898 -23.931065
-25.957431 -25.952194 -23.597939
-25.096617 -26.722524 -23.687287
-24.495679 -26.577724 -24.138895
-24.764810 -27.311594 -22.978599
-25.112359 -26.587300 -24.059703
-25.907682 -24.880829 -24.367551
-25.398520 -26.170377 -24.181321
-24.832848 -26.822859 -22.865966
-24.891719 -26.772730 -22.864927
-25.592679 -26.219938 -23.452623
-24.507405 -25.964475 -24.601717
