-25.363672 -26.341833 -24.355272
-26.338480 -25.322310 -23.708573
-25.847378 -25.443769 -24.464816
-26.333744 -25.097335 -23.973055
-25.223697 -24.987301 -24.869423
-25.817974 -25.592779 -24.727861
-26.192265 -24.864502 -24.561048
-24.670372 -25.007709 -24.955373
-25.364093 -26.653736 -23.227834
-25.850038 -25.995399 -23.863511
-25.023479 -25.817230 -24.821498
-24.914278 -26.633935 -24.186325
-25.393076 -26.192823 -24.092227
-26.425752 -24.045337 -23.971743
-25.646789 -25.918672 -24.575474
-25.708554 -26.074743 -24.089998
-24.504769 -26.974452 -22.217347
-25.910503 -25.355326 -24.219466
-25.080878 -25.603506 -24.622820
-25.481371 -25.963710 -24.470122
-26.202558 -25.291561 -23.863400
-23.545434 -26.920994 -22.653923
-25.057934 -26.669378 -23.821940
-25.922676 -26.022922 -23.480127
-25.851744 -25.813564 -24.178018
-25.749795 -25.834323 -24.532684
-25.408285 -26.617999 -23.748411
-26.163277 -25.637592 -23.335149
-26.131594 -24.275685 -24.572757
-24.958891 -26.910101 -23.579464
-25.992162 -24.751420 -24.613242
-25.726851 -26.354618 -23.965122
-26.454273 -24.482991 -23.890533
-26.412046 -24.809174 -23.482371
-25.559813 -24.763786 -24.840726
-25.929663 -25.781485 -23.837634
