-25.208467 -25.859558 -24.710800
-25.076073 -26.427968 -24.374264
-25.524374 -25.196658 -24.791794
-25.262868 -26.541396 -23.705349
-25.895658 -26.099204 -23.806186
-25.297008 -26.617361 -23.177822
-24.798400 -26.828683 -24.243156
-24.509326 -25.704061 -24.718285
-22.437861 -23.797821 -25.193552
-25.771102 -26.278262 -22.739991
-25.550742 -26.366084 -23.380204
-25.372723 -26.427889 -24.095253
-25.845561 -25.346196 -24.464211
-24.414792 -26.877303 -22.991069
-24.259268 -24.492035 -24.958221
-26.192260 -25.176679 -24.199542
-26.040441 -24.603675 -24.678907
-25.346501 -26.780767 -22.746276
-26.391032 -24.604203 -24.088279
-25.959067 -25.632475 -23.574589
-25.515308 -26.525353 -22.587340
-25.496066 -25.773423 -24.691808
-25.726851 -26.354618 -23.965122
-26.245647 -25.695303 -23.114387
-25.873992 -25.154543 -24.262038
-25.799719 -25.866958 -24.127933
-25.291127 -26.213582 -24.446893
-25.001873 -26.935806 -22.986262
-25.057934 -26.669378 -23.821940
