-24.795017 -26.810178 -23.570557
-25.517037 -26.595360 -23.906398
-26.167295 -25.648203 -23.556186
-25.889622 -26.048918 -23.425078
-24.656203 -27.093705 -23.247331
-26.110731 -25.755660 -23.172714
-25.096617 -26.722524 -23.687287
-24.510453 -26.999882 -23.915915
-24.512608 -26.985918 -23.703931
-25.884886 -25.823943 -23.689560
-25.107283 -27.170519 -22.950597
-25.794710 -26.194645 -24.037506
-26.333744 -25.097335 -23.973055
-24.745801 -26.530122 -24.328884
-26.133155 -25.572238 -24.083713
-25.760570 -26.118680 -24.565033
-24.517344 -27.210893 -23.439449
-26.108899 -25.999622 -23.076392
-24.822675 -26.638683 -23.914826
-24.750537 -26.755097 -24.064402
-25.531884 -26.668014 -22.944312
-25.272069 -26.346581 -24.083773
-25.789760 -26.282220 -23.641765
-25.458630 -26.962537 -22.216222
-25.366942 -26.159974 -24.117495
-25.657683 -26.430776 -23.368702
-26.338480 -25.322310 -23.708573
-25.256302 -26.465722 -24.405096
-24.764810 -27.311594 -22.978599
-25.810915 -26.463218 -23.032844
-25.384956 -26.769804 -23.081705
-25.909127 -25.264789 -24.621711
-25.736303 -26.561822 -22.347330
-24.724739 -25.434233 -24.609577
-24.208672 -26.027216 -24.722464
