-43.466186 -33.159068 -44.283527
-44.421236 -34.857408 -43.222060
-42.929767 -36.816666 -42.887631
-42.982052 -34.085596 -44.571336
-42.126567 -37.655713 -42.274826
-44.235579 -33.966746 -43.707923
-40.710320 -39.521895 -39.546179
-44.316504 -36.869685 -40.365397
-44.662124 -35.159385 -42.000576
-43.043429 -36.231895 -43.908326
-44.977712 -35.986677 -40.116280
-44.782446 -35.832392 -41.445983
-44.765239 -34.194896 -42.765474
-44.377895 -36.425630 -41.713307
-43.529276 -36.678603 -43.238149
-44.507849 -36.572391 -38.412080
-43.296354 -37.852571 -41.062142
-41.827542 -39.599408 -38.995854
-44.071586 -36.444814 -42.398471
-43.913067 -35.424569 -42.986694
-43.541867 -35.720519 -43.883262
-42.823866 -37.304195 -42.571530
-42.029824 -38.622204 -40.814759
-43.727282 -37.439997 -41.043773
-42.931336 -38.512411 -40.507679
-43.150133 -38.443073 -39.254954
-45.160632 -33.741752 -41.836690
-41.487807 -37.590970 -43.525219
-44.368991 -36.902593 -39.304983
-43.518375 -36.937066 -42.223585
-41.917040 -36.580360 -43.867453
-43.815264 -36.930891 -41.529310
-41.918726 -35.932239 -44.724668
-43.821263 -35.488744 -43.942293
-41.935188 -39.484978 -39.908467
-43.395427 -38.134794 -38.627699
-45.104993 -35.133277 -40.262245
-42.452421 -39.112172 -39.019440
-44.143164 -35.578860 -42.318428
-41.971186 -34.687935 -44.854305
-41.278052 -39.385415 -41.095765
-43.151520 -37.784103 -41.552073
-42.677475 -37.933885 -41.651388
-41.464657 -38.342525 -42.437655
-42.228489 -37.460533 -42.864772
-41.296558 -37.953882 -43.066733
-43.515746 -37.761504 -39.061644
