-42.693408 -38.628141 -39.776733
-45.139343 -34.897110 -40.352786
-42.758615 -35.135857 -44.579312
-44.854086 -34.152981 -42.168333
-43.837835 -33.575675 -44.680381
-44.496840 -36.234622 -41.233910
-42.570731 -37.780695 -41.651554
-41.496370 -37.837535 -42.835526
-41.778951 -34.762222 -45.239357
-42.543329 -38.500811 -41.099814
-43.806929 -36.392305 -42.295417
-43.901620 -32.284841 -44.631890
-42.112671 -36.081049 -44.587865
-44.446206 -35.034254 -42.459717
-44.582745 -33.896986 -42.784853
-43.229696 -35.903525 -43.681397
-42.257150 -37.117189 -44.184697
-43.812099 -34.814418 -43.934938
-42.041169 -38.366311 -41.404863
-43.964834 -32.148875 -43.999194
-43.928744 -36.452649 -41.970601
-44.761947 -36.345610 -40.362841
-41.546667 -37.407726 -44.246885
-42.656165 -37.183671 -43.522841
-43.548866 -38.376173 -38.725851
-43.278838 -36.888775 -42.464540
-42.272372 -37.664597 -42.676201
-42.732262 -37.173697 -42.722260
-43.751561 -33.756114 -44.123275
-44.097360 -34.596812 -42.963272
-44.066385 -37.550466 -39.980466
-43.726288 -36.846347 -42.107947
-43.466887 -36.466952 -42.901955
-42.258595 -34.460590 -45.250601
-44.900368 -35.425272 -41.684428
-43.497807 -35.182836 -44.020148
-42.637418 -36.381231 -44.203732
-41.813510 -36.654523 -44.623348
-43.472769 -38.386147 -39.526432
-44.384450 -35.988306 -42.641156
-43.331317 -37.501621 -41.443174
-43.848633 -35.621673 -43.089346
-43.487174 -33.600110 -44.598023
-43.158014 -34.828071 -44.549430
-44.158484 -34.036256 -43.346913
-43.591138 -37.591956 -40.787465
-42.208766 -38.158030 -42.786343
-44.373837 -37.107379 -40.085255
-43.114291 -35.540853 -44.027781
-43.300369 -35.491882 -43.592702
