-44.293823 -36.987342 -37.382794
-40.978604 -34.422299 -45.765698
-39.780367 -35.850600 -44.826833
-43.992627 -32.689450 -43.347248
-45.744984 -34.201390 -39.176645
-41.128196 -40.131687 -37.741189
-41.362224 -34.546027 -45.153514
-40.014981 -38.947017 -41.329154
-40.427302 -39.243145 -40.097759
-40.718990 -35.091578 -45.072863
-40.964199 -36.614753 -44.127716
-42.710461 -38.495830 -37.957806
-40.662050 -36.196759 -44.825400
-40.274094 -39.663401 -39.951607
-43.358591 -32.965009 -44.517578
-42.972172 -36.029726 -42.599570
-43.606271 -37.231928 -41.652830
-45.284147 -34.913142 -40.514005
-44.480097 -35.956297 -40.369787
-41.031857 -40.024027 -38.365742
-41.585629 -35.880977 -44.293145
-45.311284 -33.976785 -40.735169
-44.727205 -36.289656 -37.822111
-41.850401 -35.582245 -44.623521
-43.369051 -35.272501 -44.033841
-45.137116 -35.298913 -38.500521
-43.753541 -33.387688 -43.545722
-45.612932 -33.231733 -40.912408
-44.901169 -34.490954 -42.005657
-41.283480 -35.462983 -44.990829
-42.056657 -39.541342 -38.186008
-42.881670 -37.842340 -41.121414
-42.827440 -35.554364 -43.921771
-44.641444 -34.325102 -42.988630
-44.278941 -34.091948 -43.157418
-42.455967 -38.709641 -39.369698
-44.200740 -33.789961 -43.238307
-42.330060 -37.887680 -39.964829
-42.181400 -39.023841 -39.107951
-44.375963 -36.811863 -38.757940
-42.491034 -37.876520 -41.888744
-45.443336 -34.946442 -38.999406
-45.452251 -33.694494 -40.872647
-44.576355 -35.327581 -39.700829
-41.195618 -38.828668 -41.553857
-45.177074 -33.846056 -41.259264
-43.562658 -38.099266 -38.057796
-44.132621 -36.905186 -39.952711
-43.069604 -33.603905 -44.546201
-43.197208 -37.663723 -40.103962
-43.468709 -34.734288 -42.776799
-41.963876 -37.410076 -42.078453
-43.251393 -33.086096 -44.424526
-42.578370 -36.506400 -42.862891
-44.000073 -36.755254 -41.389509
-41.482287 -39.854745 -39.574373
-43.041474 -38.639049 -37.549418
-41.695001 -36.138867 -43.441797
-41.149495 -37.775511 -43.860588
-43.234468 -33.521965 -44.897840
-40.277325 -39.352395 -40.407414
-43.053861 -36.384885 -42.413888
-43.190055 -38.259845 -37.976658
-42.133004 -39.244356 -38.675451
-42.620528 -38.046883 -39.829167
-42.050162 -38.351228 -39.588074
-41.060523 -38.893732 -41.531574
-42.023499 -39.082129 -38.865900
-42.585655 -39.161601 -37.719521
-41.746261 -39.833343 -38.053579
-42.533558 -36.721210 -42.290970
-43.665045 -37.611868 -37.502681
-42.315225 -37.114643 -42.745360
-45.367312 -33.861418 -40.769404
-41.986620 -39.426689 -38.248415
-44.980132 -33.047256 -42.073723
-43.809800 -37.135953 -41.023879
-42.667846 -35.095791 -44.370855
-43.825223 -37.548284 -39.834072
-44.778434 -33.290447 -42.789679
-41.486080 -39.648153 -39.057642
-43.213363 -35.831628 -43.751501
-41.272171 -38.652541 -42.459323
-43.848822 -37.336229 -38.785855
-45.554711 -34.582089 -38.811015
-42.619040 -35.783007 -44.373357
-43.602409 -33.338826 -43.599823
-41.689186 -39.344080 -39.186995
-40.663318 -38.201355 -43.320606
-44.304268 -36.673979 -39.275453
-44.589930 -34.830384 -42.060071
-41.784489 -37.108183 -43.074837
-43.001176 -37.080009 -42.201833
-43.948069 -37.373454 -37.465671
-44.530816 -36.750772 -38.604826
-41.408905 -36.566304 -44.421811
-45.351182 -34.678064 -39.439966
-41.965903 -34.295587 -44.626966
-44.769683 -35.930671 -39.443607
-44.954104 -34.250134 -40.942743
