-42.862059 -36.518715 -43.929490
-43.316398 -37.849364 -40.456949
-44.275550 -37.291662 -39.868982
-41.504366 -38.066467 -43.288324
-40.070884 -37.574545 -43.891115
-44.444729 -36.185034 -42.384447
-43.111408 -35.686035 -43.799279
-43.906802 -37.075091 -40.483068
-41.986531 -37.061742 -43.935774
-42.971608 -36.590647 -43.694074
-42.421675 -37.478343 -42.732804
-42.728202 -36.858405 -43.514877
-41.246144 -38.559744 -42.362276
-44.743183 -35.825607 -41.522624
-44.044396 -35.389372 -42.966847
-43.924514 -34.839621 -43.885199
-42.566066 -36.145191 -44.667263
-43.119948 -37.896068 -41.448180
-41.622873 -39.006616 -41.573390
-41.360843 -37.312507 -43.561314
-43.516949 -36.047125 -43.556617
-43.946247 -36.708163 -41.085355
-41.903591 -37.930819 -42.662161
-43.195419 -37.507406 -41.941983
-44.669352 -36.814988 -39.605661
-44.374984 -35.048664 -43.336222
-42.347741 -37.823270 -41.885073
-41.803812 -38.647700 -41.906351
-42.029491 -35.804038 -44.950081
-42.124397 -38.765646 -39.854753
-44.533012 -36.161007 -41.429520
-40.130120 -38.285334 -42.966769
-43.387196 -36.717932 -42.193247
-43.423514 -35.437382 -44.055468
-42.441402 -38.546762 -39.811796
-43.699560 -36.684689 -42.932044
-42.050378 -36.524417 -44.511458
-44.361401 -35.170488 -42.923890
-42.009904 -38.963547 -41.124921
-42.598629 -38.475480 -40.916073
-44.920276 -35.209231 -41.815005
-41.549847 -36.105670 -44.938837
-41.984476 -37.342895 -43.253234
-43.244650 -37.098186 -42.812355
-43.999731 -36.467917 -42.302695
-42.940730 -34.950022 -44.262993
-44.205843 -35.913049 -42.871063
-44.270710 -36.603613 -40.550060
-43.586055 -37.473226 -41.174653
-41.453137 -37.015842 -44.516854
