40.183181 32.522989 46.673857
39.113115 31.400626 46.732091
39.064023 32.055732 46.712393
39.087666 32.103138 46.694847
39.089472 31.35322 46.749637
39.089472 31.35322 46.749637
39.087666 32.103138 46.694847
39.089472 31.35322 46.749637
39.089472 31.35322 46.749637
39.103565 32.121741 46.674409
40.749423 33.211175 46.323818
40.275622 33.311732 46.501548
40.419519 33.572392 46.384025
40.275622 33.311732 46.501548
39.42139 33.843948 46.383357
40.197274 33.29151 46.598629
40.13745 35.00668 46.019567
40.23608 33.245723 46.539532
40.13745 35.00668 46.019567
40.100564 34.201682 46.176646
40.030002 33.941417 46.358544
40.192519 35.596897 44.975341
39.603359 35.585921 45.268242
39.305494 36.071021 45.233317
40.273179 35.332344 45.845619
39.889281 35.555525 45.288196
39.685987 35.55285 45.433654
39.486205 36.152051 44.71382
39.305494 36.071021 45.233317
40.524857 37.064031 43.75105
40.444012 36.494916 44.072588
40.136326 37.225176 43.712305
40.333576 36.529156 44.392721
41.154924 38.160671 42.4602
40.665871 36.89698 43.423882
40.942546 37.763261 43.0662
41.154924 38.160671 42.4602
40.829748 38.783057 42.208222
41.154924 38.160671 42.4602
40.817764 38.444199 42.438202
41.122307 38.73941 42.301339
40.844528 38.452672 42.327771
41.43158 38.325105 42.316958
40.337131 38.053083 42.828834
40.236616 39.06318 41.848376
40.419475 39.465612 41.307339
40.341383 39.520903 41.058357
40.236616 39.06318 41.848376
40.341383 39.520903 41.058357
40.341383 39.520903 41.058357
40.341383 39.520903 41.058357
40.341383 39.520903 41.058357
40.016053 39.729579 40.564211
40.682654 39.94879 39.675782
40.682654 39.94879 39.675782
40.092196 39.967989 40.158967
40.274198 40.306649 38.920156
40.682654 39.94879 39.675782
40.014755 40.279675 39.087792
40.014755 40.279675 39.087792
39.722444 40.20604 39.473534
39.26734 40.542041 36.632068
40.187794 40.140225 39.302116
40.014755 40.279675 39.087792
39.935453 40.511119 37.630997
39.26734 40.542041 36.632068
40.80276 40.460401 38.620161
39.26734 40.542041 36.632068
39.26734 40.542041 36.632068
39.26734 40.542041 36.632068
40.513132 32.472979 46.656056
40.197274 33.29151 46.598629
41.370119 32.052534 46.365406
40.552674 32.538988 46.618072
40.59148 32.493201 46.558975
40.030002 33.941417 46.358544
40.030002 33.941417 46.358544
40.905968 33.953979 46.26796
40.626117 33.149868 46.378129
40.270605 33.973276 46.253614
40.270605 33.973276 46.253614
40.192519 35.596897 44.975341
39.685987 35.55285 45.433654
41.084556 35.847984 44.210731
39.676887 36.462339 44.458781
40.292808 37.561966 43.183004
40.602812 36.687721 43.452197
39.926477 36.772926 44.403009
40.546224 37.449067 43.168028
40.872964 37.787105 42.971102
40.19346 37.861061 42.919552
40.476868 37.708818 43.109282
40.817764 38.444199 42.438202
40.394619 38.940707 41.968024
40.943666 39.349376 41.32159
40.838899 38.891653 42.111609
40.161031 39.709255 40.134617
41.298537 39.640332 40.749326
41.187307 38.969447 41.706295
40.445801 40.047245 39.850115
41.298537 39.640332 40.749326
40.016053 39.729579 40.564211
40.016053 39.729579 40.564211
40.499868 40.037537 39.480725
41.00518 39.843554 39.987247
40.499868 40.037537 39.480725
40.478628 40.10749 39.293656
41.511546 39.945411 38.906789
40.564387 40.025281 39.244191
41.159889 39.982879 39.373119
40.445801 40.047245 39.850115
40.445801 40.047245 39.850115
40.274198 40.306649 38.920156
40.274198 40.306649 38.920156
41.268621 33.160666 46.286181
40.552674 32.538988 46.618072
41.313281 32.839386 46.066608
40.884844 32.981345 46.407963
40.885881 32.142873 46.381821
41.422032 32.467909 46.193139
40.845302 32.915336 46.445947
40.806496 32.961123 46.505044
41.236004 33.739405 46.12732
41.268621 33.160666 46.286181
40.437877 33.323369 46.493699
40.210344 34.078845 46.053085
40.109959 33.938725 46.272954
40.911318 34.082308 45.792078
40.270605 33.973276 46.253614
41.011265 34.036287 45.883538
41.517797 34.080334 45.425225
40.109959 33.938725 46.272954
40.710132 35.766399 44.283046
40.923398 34.906011 44.75015
41.035132 34.534305 45.357947
40.444292 35.341923 44.957273
40.542545 35.603179 44.783827
41.517576 37.235273 43.256455
40.748986 35.197538 44.848259
40.552853 36.474901 44.368197
40.333576 36.529156 44.392721
41.120528 36.588398 43.280632
40.841219 36.643848 43.737133
41.861238 37.605517 42.721721
42.347539 36.985892 42.685406
41.554859 37.094567 42.782852
41.601225 38.105097 42.234932
41.946523 37.703564 42.525456
41.401546 38.396681 41.785563
41.600811 38.685455 41.625891
41.94475 38.501437 41.357355
41.226387 38.60387 41.698206
41.756417 38.687637 41.213299
42.025266 38.469068 41.523089
41.19377 39.182609 41.539345
41.672688 38.548296 41.472938
41.43733 39.607735 39.951796
41.778864 39.094438 40.516547
41.778864 39.094438 40.516547
41.298537 39.640332 40.749326
41.694378 39.193845 40.640103
41.639285 39.407144 39.676901
41.834065 39.004296 40.536437
41.64424 39.391652 40.990368
41.834065 39.004296 40.536437
41.43733 39.607735 39.951796
41.019712 39.476834 40.844928
41.898762 39.657505 39.475346
41.511546 39.945411 38.906789
41.482287 39.854745 39.574373
41.719268 39.779188 39.510251
41.192716 40.043124 38.81666
40.650791 40.191705 38.862231
41.458249 40.093254 37.766538
41.038007 39.903799 39.430788
41.113156 40.1684 38.75259
40.846339 32.076864 46.419805
41.559938 31.371229 46.18347
41.851205 32.437746 45.872897
40.846339 32.076864 46.419805
41.559938 31.371229 46.18347
41.008028 33.172136 46.214061
40.885881 32.142873 46.381821
41.918376 33.138688 45.683472
41.274475 32.885173 46.125705
41.353432 33.39405 46.02215
41.268621 33.160666 46.286181
41.81035 33.489464 45.744247
40.809755 34.646246 45.685903
41.279639 34.419672 45.286391
41.008028 33.172136 46.214061
41.681799 34.366181 44.713345
41.008028 33.172136 46.214061
42.161104 33.839707 45.076454
41.174685 34.824402 45.078317
41.679033 34.78782 44.915714
41.592374 35.523632 44.393467
42.36386 34.806068 44.45178
42.976837 36.422253 43.033879
41.783655 36.058507 43.751796
41.895653 34.684814 44.483739
41.38354 34.612099 44.952633
40.889505 36.206782 43.677881
41.418511 35.615741 44.693243
41.529556 35.115358 44.506053
42.083328 36.392455 43.196234
41.769556 36.000673 44.188601
42.361373 36.142767 43.534023
42.09371 36.565244 42.82097
42.095149 36.21924 43.665677
42.120074 35.998961 43.693176
41.354033 36.019914 43.840813
42.361373 36.142767 43.534023
42.70241 37.276848 42.113142
42.32106 37.999509 41.860804
42.236209 36.158983 43.190097
41.820722 37.073835 42.74494
41.670395 38.178112 42.095353
42.464172 37.465513 41.830953
42.101877 38.044356 41.593712
42.70241 37.276848 42.113142
42.018803 38.255906 41.690039
42.071853 37.653098 42.455929
42.502731 37.568432 41.663773
41.938287 38.288275 41.524305
42.101877 38.044356 41.593712
41.753204 38.515927 41.638672
42.16608 38.806532 41.085104
42.734793 38.085624 41.359237
41.938287 38.288275 41.524305
41.756968 38.504835 41.153624
42.214558 38.486125 40.736774
42.028479 38.640778 41.097716
41.938287 38.288275 41.524305
42.028479 38.640778 41.097716
42.247908 38.409939 40.670317
42.055395 39.309391 40.264186
41.860615 39.712239 39.40465
42.228261 38.041577 41.81755
42.055395 39.309391 40.264186
42.202149 39.198942 39.969401
41.639285 39.407144 39.676901
42.206318 39.463559 39.645692
42.372204 38.870558 40.4865
42.232515 38.929685 39.55456
41.860615 39.712239 39.40465
42.296306 39.262116 37.753268
41.860615 39.712239 39.40465
42.947802 38.390703 39.5167
41.517534 39.807399 38.371366
42.181208 39.653032 37.874744
41.860615 39.712239 39.40465
42.081157 39.525403 38.729862
41.544373 40.005656 38.35033
42.380927 33.16828 45.035892
42.028526 31.783934 45.797657
42.028526 31.783934 45.797657
42.807245 33.089167 44.603455
42.257814 32.929535 45.498437
41.851814 32.926401 45.866423
42.632584 32.921708 45.440663
41.314927 32.489569 46.033992
42.190782 33.468709 45.11276
42.115181 33.668495 45.152662
42.115181 33.668495 45.152662
42.326298 32.51275 45.475646
42.878383 34.240521 43.862945
42.478016 34.358605 43.830846
42.568274 34.046346 44.246127
42.499034 34.764196 43.721647
43.075132 34.912708 43.568691
42.372733 34.380968 44.164889
42.390355 33.110716 45.305186
43.227455 36.078298 42.679589
42.864138 35.111628 43.43941
42.524963 35.898848 43.60343
43.046383 35.079936 43.608611
42.617177 35.192822 43.353764
43.233931 35.173149 43.413984
43.230492 35.555586 42.84778
42.740098 35.48206 43.296494
43.226526 36.282068 42.603363
42.998204 36.807289 42.450857
42.806923 36.272414 43.092528
43.389507 35.549494 42.679244
43.0582 36.802378 42.25093
43.226526 36.282068 42.603363
43.239598 36.763412 41.898318
42.815309 38.053255 41.524971
42.998204 36.807289 42.450857
43.218385 37.456729 42.099347
43.406693 36.736641 41.824955
43.387569 37.231717 40.619921
42.277957 38.105322 41.121104
43.265557 36.951245 41.448002
42.277957 38.105322 41.121104
42.977973 37.521511 40.472437
42.961977 38.115226 40.92651
42.419461 38.30226 40.561245
43.020811 37.752034 40.070893
42.165471 38.317877 41.091578
42.627741 38.315433 39.662812
42.277957 38.105322 41.121104
42.712815 38.313253 40.148097
42.866096 38.222721 40.436437
42.999487 37.840666 40.16694
42.241488 38.945857 39.255179
42.605158 38.393788 39.288773
42.595219 38.635543 40.377482
43.330127 37.811397 39.599537
42.373889 38.330448 40.649733
42.530554 38.11792 40.60927
42.596411 38.437192 39.592564
42.906334 38.879748 38.997025
42.202149 39.198942 39.969401
42.202149 39.198942 39.969401
42.605158 38.393788 39.288773
42.851921 38.498198 39.026627
42.451849 38.941561 38.655709
42.451849 38.941561 38.655709
42.569378 39.085024 38.452192
42.451849 38.941561 38.655709
42.468446 38.915883 38.818042
43.128673 38.214392 38.038428
42.477419 38.932055 38.518661
43.197502 38.133322 38.203008
42.596411 38.437192 39.592564
42.379089 39.111611 39.242567
42.685181 33.774092 44.580772
43.644405 33.147516 44.571968
42.647213 31.840031 45.050093
43.330641 34.262977 43.835967
43.948436 34.820399 42.986356
43.528833 34.810745 43.475521
43.005586 36.255025 42.993959
43.719185 35.54939 42.757624
43.520033 36.711677 42.276586
43.218385 37.456729 42.099347
43.520033 36.711677 42.276586
43.87937 36.203741 42.606041
43.27914 36.829421 41.860334
43.27914 36.829421 41.860334
43.387569 37.231717 40.619921
43.554843 37.09381 40.690797
43.301124 37.271198 40.833459
42.977973 37.521511 40.472437
43.259049 37.563369 40.353082
43.614839 37.088899 40.49087
43.573602 37.469216 39.91304
43.302725 37.882038 39.854085
43.406293 37.569589 39.486006
43.020811 37.752034 40.070893
43.30574 37.599095 40.074715
43.224777 37.568184 40.344016
43.135416 37.982411 39.427051
43.182702 37.860355 39.863639
43.011302 38.043292 39.728792
43.039535 38.089906 38.936978
43.361291 37.586923 39.807328
43.079105 38.5278 38.5939
43.039535 38.089906 38.936978
43.206844 37.989533 39.364012
43.039535 38.089906 38.936978
42.915081 38.836344 38.693234
42.966327 38.253299 38.704275
43.101621 38.240817 37.712935
43.938379 33.597835 44.273303
43.022998 34.106785 44.083082
44.354072 33.346886 43.039167
44.000496 32.957922 44.120992
43.60255 34.810903 43.425329
43.68881 33.81561 44.044628
44.174064 34.191851 43.388268
43.847708 35.111413 43.339203
44.13168 34.82677 42.602746
44.436176 34.682869 42.900756
44.117553 35.710631 41.931718
44.013201 34.962445 42.476943
43.579318 36.408065 41.406298
43.524072 37.42604 40.572513
44.004559 36.88504 41.341599
44.085332 36.791752 40.255276
43.680849 37.304715 39.793543
43.573602 37.469216 39.91304
43.611749 37.414482 39.983736
44.236255 36.94592 39.636782
44.138643 37.113755 38.884806
43.087649 37.746306 40.218235
43.790074 37.498009 39.110694
43.442611 37.49338 39.511354
43.822855 37.443828 38.57064
43.800872 37.326398 39.783989
43.762672 37.56865 39.365242
44.004864 37.212642 39.382648
43.206844 37.989533 39.364012
43.487183 37.578791 39.452114
43.206844 37.989533 39.364012
43.861002 37.389094 38.641336
43.206844 37.989533 39.364012
43.206844 37.989533 39.364012
43.119648 38.028095 38.817107
42.954554 38.41611 38.905164
43.079105 38.5278 38.5939
44.374353 31.98351 43.567062
44.575943 33.473073 42.661126
44.917968 34.037254 41.578935
44.116198 35.372066 42.280413
45.096753 34.096649 41.315813
44.501251 34.57903 42.603766
44.628751 35.03654 41.551328
44.501251 34.57903 42.603766
44.273489 34.015962 43.343933
44.390775 35.17647 41.997622
44.816799 35.00045 41.27744
44.891887 34.54485 41.836436
44.718096 34.951921 41.502952
44.506698 35.644444 41.415648
44.448193 35.681362 41.364315
44.542092 35.772352 41.029081
44.085332 36.791752 40.255276
44.631437 35.687733 40.980705
44.353784 36.49244 41.303473
44.428297 36.174512 40.49567
44.143837 36.709158 40.024383
44.069324 37.027086 40.832186
44.122393 36.759162 41.049339
43.665267 38.021368 39.105865
44.227295 36.974321 38.069117
44.008985 37.088738 39.765833
43.776485 37.114096 40.259167
43.822855 37.443828 38.57064
43.800872 37.326398 39.783989
43.968659 37.308559 39.50066
44.469097 36.690855 39.425574
43.861002 37.389094 38.641336
44.004864 37.212642 39.382648
44.157907 36.925698 39.733863
43.839019 37.271664 39.854685
43.762672 37.56865 39.365242
44.035715 37.388541 38.986257
43.822855 37.443828 38.57064
43.699415 37.812857 37.523598
43.737081 37.731119 38.729976
43.724525 37.623384 39.294546
43.101621 38.240817 37.712935
43.382615 37.498291 39.711281
43.800872 37.326398 39.783989
43.487183 37.578791 39.452114
45.570249 33.479377 41.347973
45.280878 33.40031 41.702359
44.715639 34.583975 42.04388
45.594636 33.691679 40.872795
44.769225 33.365727 42.734178
45.3784 33.812108 41.055855
45.06721 34.046951 41.364144
45.113465 34.376576 40.928847
45.153532 34.021153 42.372804
44.992509 34.127258 41.412151
45.3784 33.812108 41.055855
45.163795 34.789134 40.458287
45.163795 34.789134 40.458287
45.119824 34.594304 40.621115
44.98207 35.556304 39.414741
44.998144 35.430293 40.983829
44.916816 36.172804 40.155028
44.602589 36.460395 39.141512
44.655658 36.192471 39.358665
44.986866 36.208487 38.681914
44.637453 36.389424 39.326004
44.004864 37.212642 39.382648
44.334585 36.766364 38.912876
44.309181 36.772995 38.79416
44.172464 37.350641 38.582769
44.665123 36.617963 38.73703
44.371198 36.727117 38.887378
44.995763 36.588694 38.169627
44.141341 36.978352 38.729438
43.822855 37.443828 38.57064
44.295937 37.001959 37.674568
43.822855 37.443828 38.57064
44.23392 37.047837 37.58135
43.941073 37.617363 38.328635
44.365436 36.942263 38.516485
44.23392 37.047837 37.58135
44.701838 36.697848 38.319975
44.256257 36.863395 39.182929
43.812256 37.695258 36.961586
44.035715 37.388541 38.986257
44.23392 37.047837 37.58135
43.305613 38.127061 37.311594
43.966216 37.448237 38.14434
45.570249 33.479377 41.347973
45.594636 33.691679 40.872795
45.456524 32.243819 41.507454
45.302192 34.254155 41.178338
45.725661 33.218172 41.132422
45.481029 33.718253 40.947004
45.567973 34.42258 40.150621
45.398794 34.083137 40.300458
45.06721 34.046951 41.364144
45.326579 34.466457 40.70316
45.144211 34.806606 40.145937
45.3784 33.812108 41.055855
45.307939 35.634594 39.127703
45.290774 35.16791 40.096796
45.129811 35.280899 39.740138
45.269971 35.335276 39.501896
45.538492 35.232753 39.232832
45.421446 35.02892 39.303178
45.077324 35.922136 39.049259
45.126287 35.837677 38.678328
45.066822 35.938608 39.184438
45.265946 36.014913 37.6819
44.334585 36.766364 38.912876
44.800358 36.580462 38.826985
44.739985 36.643114 38.390671
44.849291 36.190764 38.846137
44.217589 36.981737 37.771649
44.433732 36.884685 38.482896
44.094116 37.330419 38.67985
44.433732 36.884685 38.482896
44.197607 37.181515 38.398474
44.547445 36.711077 39.328493
43.979754 37.402115 37.6117
44.701838 36.697848 38.319975
43.966216 37.448237 38.14434
44.477946 36.770773 38.486576
43.305613 38.127061 37.311594
44.716827 36.710804 37.189472
45.658049 33.482281 40.073814
45.672878 33.385522 41.239122
45.548925 33.568009 41.44402
45.357076 33.90074 41.151902
45.698102 34.004457 39.751854
45.711776 33.404842 40.033853
45.374407 33.870835 40.775636
45.492808 33.791063 40.276798
45.802372 33.973689 39.188119
45.322145 34.748497 39.31091
44.81528 36.367272 38.973442
45.239458 35.774877 38.546272
45.356196 35.753027 37.764207
45.228557 36.03334 37.531708
45.16654 36.079218 37.43849
44.564959 36.776577 38.16369
44.845298 36.365835 38.251792
45.112903 36.301857 37.330685
44.845298 36.365835 38.251792
44.632035 36.844238 37.380738
44.845298 36.365835 38.251792
44.477946 36.770773 38.486576
45.658049 33.482281 40.073814
45.733224 32.780532 40.382527
45.760119 33.958579 39.845072
45.672878 33.385522 41.239122
45.6968 33.677307 39.875457
45.398646 33.738781 40.418014
45.635568 33.846889 40.156336
45.56827 34.29131 39.552954
45.710663 34.029634 39.330785
45.809664 34.247433 39.000415
45.856099 33.89625 39.148158
45.331078 35.460471 38.788067
45.613592 34.564919 38.997629
45.587587 35.486305 38.018341
45.3816 35.746396 37.882923
45.131994 35.953889 38.020593
45.265946 36.014913 37.6819
45.3816 35.746396 37.882923
45.228557 36.03334 37.531708
44.739591 36.247076 39.022944
45.16654 36.079218 37.43849
45.733224 32.780532 40.382527
45.906492 32.812927 39.902523
45.711776 33.404842 40.033853
45.762169 32.321519 40.788218
45.973363 32.712089 39.18927
45.881649 33.790141 39.167264
45.854986 34.521042 38.44509
45.945669 33.574504 38.987981
45.546655 35.331095 38.7348
45.640656 35.218381 38.235494
45.336214 35.952805 38.391032
45.832505 34.88565 38.527612
45.663795 35.044258 37.895858
45.434544 35.773249 37.667126
45.3816 35.746396 37.882923
45.130227 36.212896 38.255614
45.228557 36.03334 37.531708
44.942179 36.248986 38.529502
45.841123 34.168715 38.989762
45.980052 33.713763 38.94326
45.663795 35.044258 37.895858
45.094928 36.218983 37.86408
45.663795 35.044258 37.895858
45.663795 35.044258 37.895858
45.3816 35.746396 37.882923
45.979597 34.52904 37.983078
45.489257 35.665861 38.742247
45.749998 35.276353 37.500886
45.265946 36.014913 37.6819
45.426417 35.904057 37.240317
45.434544 35.773249 37.667126
45.112903 36.301857 37.330685
46.095798 33.781022 38.847613
45.848798 33.739059 39.503439
45.897874 33.529862 39.440373
45.773921 33.712349 39.645271
45.855644 34.711527 38.187976
45.867846 34.59363 38.21004
45.651668 35.455909 38.224792
45.979597 34.52904 37.983078
46.142008 34.319088 37.465623
45.802372 33.973689 39.188119
45.973363 32.712089 39.18927
45.979597 34.52904 37.983078
46.114944 33.665626 38.227758
45.990991 33.848113 38.432656
45.988215 33.812105 38.445228
45.988215 33.812105 38.445228
46.155091 33.697132 37.137202
45.833019 34.938656 38.012447
46.092463 34.030234 38.31028
45.793187 34.71062 38.98747
46.092463 34.030234 38.31028
46.155091 33.697132 37.137202
46.092274 34.3378 37.785803
46.092274 34.3378 37.785803
46.142008 34.319088 37.465623
46.015834 32.870899 39.167915
46.101081 33.313299 38.77243
46.181754 32.966231 37.859376
46.118339 33.312722 38.614343
45.979597 34.52904 37.983078
46.181754 32.966231 37.859376
46.069793 34.702408 37.868325
46.011209 33.529107 38.985984
46.181754 32.966231 37.859376
46.118339 33.312722 38.614343
46.092274 34.3378 37.785803
46.155091 33.697132 37.137202
45.941847 34.943622 37.793004
46.118339 33.312722 38.614343
46.181754 32.966231 37.859376
46.060285 33.31991 38.922918
46.012401 34.090078 37.957038
46.069793 34.702408 37.868325
45.93867 33.523251 39.289885
46.092274 34.3378 37.785803
46.114944 33.665626 38.227758
46.114944 33.665626 38.227758
45.97653 33.201609 39.083694
45.94365 32.581423 39.590623
46.101081 33.313299 38.77243
46.014677 33.146875 39.15439
45.988014 33.877776 38.432216
45.75353 34.177931 39.139116
45.854813 34.667618 38.492263
45.749998 35.276353 37.500886
45.92943 32.704475 39.549875
45.695152 34.201624 39.364685
46.015834 32.870899 39.167915
45.561422 34.675138 39.549236
45.979157 34.482255 38.87579
45.634632 34.28275 39.783192
45.418541 34.483355 40.226634
