-42.301816 -36.991171 -43.741186
-41.138083 -39.489540 -40.208214
-43.739778 -37.117379 -42.158591
-44.695043 -36.235596 -39.686314
-43.134213 -36.577054 -42.831844
-41.531652 -39.514823 -39.184465
-42.932688 -35.869754 -44.185910
-43.946053 -37.343511 -38.704145
-41.132856 -38.886960 -41.937368
-41.433852 -38.639036 -40.985326
-41.436140 -36.214242 -44.598029
-42.236159 -36.511856 -44.076177
-42.668415 -34.365318 -44.801400
-41.710202 -37.475038 -43.312968
-43.381963 -37.821675 -39.579457
-44.664410 -35.578421 -42.098329
-43.956691 -37.311277 -39.872443
-44.717024 -36.125774 -41.355300
-43.751396 -36.361134 -42.327417
-40.288049 -36.160584 -44.800878
-44.481796 -33.078320 -43.406504
-42.231789 -35.122058 -44.856503
-42.697608 -38.397426 -39.137113
-44.059996 -33.336974 -43.966043
-44.284191 -35.933271 -42.773982
-41.365130 -36.900460 -43.992994
-43.413172 -33.193476 -44.493157
-42.470953 -36.049040 -44.437164
-44.373843 -36.650560 -40.031460
-41.796406 -35.502536 -45.003710
-43.577946 -36.730444 -42.649652
-42.354052 -37.858674 -42.412499
-43.780695 -33.581861 -44.114100
-42.638395 -38.900711 -39.662000
-42.153788 -38.300823 -41.319931
-42.918413 -37.745301 -41.429689
-42.945207 -38.229042 -40.864507
-43.124525 -37.190433 -41.998057
-42.534110 -37.201746 -42.893352
-44.137042 -36.690272 -41.430026
-41.778651 -38.042738 -42.522966
-43.449242 -35.072277 -43.916952
-41.903311 -38.762625 -40.684643
-43.835394 -37.435324 -41.252787
-42.817621 -36.741886 -43.353547
-43.921625 -35.062186 -43.657292
-43.882625 -36.104846 -42.692930
-40.834052 -37.048742 -44.175471
-43.225231 -36.070219 -43.276284
-42.638315 -37.830608 -41.290323
-43.296572 -35.482000 -43.676810
-44.270608 -36.055095 -42.361650
-44.134951 -34.174924 -43.052621
