-44.013514 -31.522554 -44.769896
-41.368283 -32.625471 -46.021713
-42.667590 -38.559846 -37.639482
-38.905087 -35.438786 -44.982170
-44.977289 -32.706671 -42.267212
-41.039958 -39.469531 -41.126557
-39.764135 -35.143943 -45.540044
-42.504739 -38.723013 -39.049649
-41.526873 -38.857401 -39.967370
-40.097552 -34.499063 -45.751578
-40.064518 -37.426677 -44.007479
-40.462797 -39.225208 -41.657601
-41.437142 -34.118683 -45.252884
-43.108041 -37.777556 -39.831998
-43.536913 -37.662452 -39.418194
-40.638180 -34.864295 -45.160864
-40.829484 -34.797255 -45.381877
-43.163532 -36.952793 -41.280202
-44.233044 -35.826519 -42.165856
-44.120178 -36.325325 -41.838654
-42.762943 -34.381809 -44.449262
-44.658062 -32.496128 -42.928176
-40.467594 -36.830151 -44.581855
-42.855361 -32.144596 -45.238316
-43.236602 -34.957640 -43.891595
-42.308007 -31.662066 -45.680181
-43.375765 -35.126960 -43.335707
-43.651734 -34.542158 -43.637389
-44.552885 -33.085534 -43.231415
-42.785078 -38.312271 -39.137751
-41.202369 -39.259579 -40.609102
-41.910352 -37.318524 -43.533572
-44.379537 -35.947549 -41.519281
-43.848726 -34.407757 -43.446282
-42.619237 -35.223788 -44.264703
-41.085378 -36.160953 -44.674282
-41.116305 -39.172545 -41.616000
-42.698546 -35.551053 -43.866668
-42.355596 -38.494047 -39.489620
-43.748253 -36.553058 -40.749170
-44.712574 -33.891842 -42.331943
-42.011046 -31.533946 -45.877340
-43.510633 -37.218093 -40.726386
-41.716147 -38.637834 -40.472879
-40.729589 -34.027903 -45.775603
-41.284457 -38.165589 -42.116835
-41.596802 -36.658458 -44.089314
-41.331185 -39.349019 -40.426127
-43.723340 -35.613945 -42.713317
-42.924359 -32.343907 -44.896762
-43.930787 -36.082916 -41.995091
-41.886936 -31.992871 -45.675550
-41.835551 -35.703963 -44.086221
-42.302870 -38.751184 -39.628220
-42.518246 -37.522395 -41.930066
-42.607927 -33.845833 -45.467983
-42.567231 -37.749275 -41.715141
-42.267648 -36.333565 -43.670384
-43.547392 -35.411545 -43.147053
-42.457042 -34.912787 -44.825067
-44.393831 -33.548580 -42.875040
-40.723504 -39.185044 -41.398835
-44.384907 -31.913872 -43.995360
-44.451206 -32.870423 -43.903709
-42.694785 -38.376132 -40.268842
-44.067564 -35.777972 -42.581683
-41.159702 -34.705834 -45.576416
-41.543248 -32.949437 -45.989679
-44.857064 -33.701077 -41.601494
-40.897074 -38.411952 -42.550438
-43.906777 -33.609764 -44.108858
-42.964442 -37.999994 -40.986546
-42.122814 -34.087971 -45.075050
-44.346029 -33.459829 -44.206948
-44.967749 -33.198218 -42.422412
-42.985917 -38.272188 -39.552214
-41.964692 -37.095928 -43.090246
-41.040640 -36.459018 -44.351361
-43.593361 -36.413268 -41.898188
-43.437689 -33.297048 -44.887891
-41.745440 -32.536037 -45.576479
-41.004118 -38.576331 -42.028733
-44.869075 -32.810793 -42.576572
-43.460500 -33.192934 -44.519211
-44.319804 -35.417042 -43.048139
-43.029246 -37.923643 -40.093672
-42.053976 -33.018732 -45.565499
-42.297574 -38.125413 -40.997437
-44.781386 -35.442317 -41.589537
-41.352231 -36.784427 -43.957668
-42.222198 -36.529797 -43.361756
-42.796851 -38.012399 -40.140287
-44.763940 -33.408210 -42.012751
-41.087700 -37.866059 -42.709930
-42.950186 -37.087981 -41.130567
-44.975067 -32.277244 -42.885219
-44.540785 -35.127491 -42.460651
-42.188277 -38.029476 -41.235818
-41.745202 -38.663228 -40.084145
-41.020465 -39.313164 -41.201676
