-42.751032 -38.498619 -38.760174
-39.544952 -35.153700 -45.581729
-44.943114 -33.711738 -41.872762
-41.732010 -39.159670 -39.909726
-41.096789 -34.116483 -46.098637
-43.011299 -31.969769 -45.379445
-42.294986 -38.867382 -39.121802
-42.187391 -32.243061 -45.799061
-39.999757 -38.222108 -42.353777
-43.685253 -37.148927 -39.446843
-39.895749 -35.264529 -45.369625
-43.105586 -37.324235 -41.246003
-44.761968 -33.208463 -42.000088
-41.194217 -38.362481 -41.779902
-42.110892 -37.821795 -42.144065
-41.873087 -39.061095 -39.727786
-39.566071 -35.264633 -45.291245
-41.317894 -36.668282 -44.226142
-41.513334 -33.014705 -45.997412
-44.485493 -33.408871 -42.616458
-40.250585 -37.091319 -44.574941
-44.566465 -35.806451 -40.820797
-42.075793 -38.761819 -40.964976
-43.976084 -36.022657 -41.472476
-43.170405 -37.935601 -39.750178
-44.632835 -33.791272 -42.461853
-43.541097 -37.209015 -40.296216
-44.064244 -33.216028 -43.305709
-44.162380 -33.054462 -43.368982
-42.641617 -35.063168 -44.068484
-40.853156 -36.882758 -44.302369
-43.939122 -36.964854 -40.741806
-44.421982 -35.632532 -41.964760
-40.471910 -34.603719 -46.075051
-41.633977 -33.603047 -45.883813
-43.800087 -37.607466 -39.233879
-43.311308 -36.275489 -42.755615
-39.965090 -34.975949 -45.696830
-42.412807 -34.258834 -45.140091
-44.294338 -36.580822 -40.688076
-42.898039 -32.626246 -44.839478
-42.961705 -33.516364 -44.501503
-43.874134 -35.146848 -43.472729
-42.468718 -32.471334 -45.433600
-40.994971 -34.403194 -45.521599
-40.052876 -34.807448 -45.605982
-40.356837 -36.302544 -45.176904
-42.347106 -38.697548 -40.163320
-42.552861 -38.367061 -40.407561
-42.011354 -36.730453 -43.133197
-43.030406 -37.991226 -40.077296
-40.782418 -37.680487 -43.243015
-41.471655 -36.430828 -44.628640
-40.768871 -34.731839 -45.877892
-43.421274 -34.855661 -43.838013
-40.148281 -35.256690 -45.509878
-40.486147 -36.794731 -44.527846
-44.211035 -34.049926 -43.021392
-41.036586 -38.066428 -42.901898
-41.944746 -38.989805 -40.136238
-43.227238 -37.636999 -41.077095
-40.701055 -37.300362 -44.025964
-43.299525 -37.356182 -40.575317
-43.700193 -36.053496 -43.173007
-41.887274 -35.933430 -44.702837
-40.603494 -34.834387 -45.293766
-41.789073 -33.337251 -45.508546
-44.312200 -35.426654 -42.062183
-42.207069 -35.359485 -45.070276
-41.365920 -34.377825 -45.714178
-42.184914 -32.890764 -45.399323
-41.439255 -38.294155 -42.013228
-41.716486 -33.943667 -45.240201
-43.384990 -33.620868 -43.954357
-43.464916 -34.301221 -43.655342
-42.831929 -37.581853 -41.571731
-42.486124 -32.543442 -44.908016
-43.821930 -36.179495 -41.635163
-43.046221 -34.321688 -44.069706
-43.755484 -36.516769 -41.475463
-43.345322 -35.762540 -43.745271
-42.490366 -32.747811 -44.869044
-44.168097 -35.645210 -41.646703
-41.695086 -36.865640 -43.894511
-43.645564 -35.397966 -43.612761
-40.913048 -37.139505 -43.602434
-40.457530 -35.324921 -45.230397
-41.796968 -38.598321 -41.060578
-42.151839 -38.889277 -40.488314
-42.220540 -37.454044 -42.904036
-44.335340 -34.023471 -42.518795
-40.939848 -36.692768 -44.434676
-42.170433 -35.740837 -44.795326
-41.917716 -37.519431 -43.044068
-40.660075 -36.343916 -44.864049
-43.530241 -37.555180 -40.364252
-44.649336 -35.757477 -41.517156
-44.392376 -34.100168 -42.082535
-40.945993 -38.092124 -42.074377
-43.853450 -35.887579 -42.570355
