-44.481703 -32.205375 -44.345362
-41.049865 -34.214639 -46.150437
-40.703738 -39.550068 -38.957641
-45.243175 -33.200153 -41.985699
-39.745340 -36.547461 -44.560133
-43.527875 -37.761659 -38.706046
-41.852356 -34.421246 -45.343901
-40.518311 -37.605884 -43.221489
-43.417174 -37.071001 -40.293425
-40.052863 -35.810025 -44.444594
-44.894683 -32.445520 -42.066401
-45.105887 -33.985351 -41.064284
-42.183430 -35.614234 -44.743390
-40.226884 -37.196517 -43.980749
-42.100233 -34.308298 -45.680210
-41.310190 -34.724111 -45.678328
-40.984162 -39.309824 -40.629469
-41.186308 -38.840487 -40.494504
-44.546600 -32.743029 -43.479853
-44.122193 -33.828493 -43.050436
-43.445523 -37.179130 -39.197793
-44.566097 -35.037309 -41.899327
-40.635287 -37.331260 -43.780318
-42.010815 -34.628955 -45.023187
-42.271786 -35.944296 -43.870771
-40.784717 -37.436231 -43.157001
-41.328266 -39.464886 -39.103081
-43.014097 -38.383404 -38.842269
-43.740201 -33.483738 -44.498193
-41.729786 -37.887394 -42.619744
-44.932642 -34.829911 -41.211057
-43.282904 -32.864063 -44.880741
-44.049573 -35.659124 -42.340350
-43.066971 -37.410311 -41.465802
-44.771236 -33.739290 -42.471476
-43.145693 -37.865640 -40.554590
-44.515995 -33.351819 -42.787115
-42.913445 -36.999569 -42.555189
-43.632877 -33.602301 -44.027751
-42.502079 -38.514950 -39.570374
-43.107021 -33.072175 -45.198854
-41.447269 -36.446355 -44.043744
-42.566262 -38.008165 -40.658053
-41.407447 -39.414328 -40.082323
-42.112681 -34.930718 -44.871792
-44.417949 -35.468634 -40.015120
-43.702261 -36.716885 -40.795458
-44.339467 -35.792493 -41.478134
-41.568311 -34.757192 -45.152886
-42.433554 -38.694866 -39.842754
-44.236587 -35.440782 -41.593811
-42.676264 -34.147954 -44.924285
-42.962552 -38.315125 -39.376267
-44.156144 -33.260072 -43.648621
-42.974090 -38.125044 -39.624631
-41.217196 -38.686254 -40.829720
-43.828859 -32.283702 -44.342684
-41.622837 -35.671179 -44.570940
-44.815784 -35.155858 -41.701439
-43.904171 -36.090379 -40.151343
-42.306537 -38.568709 -39.935154
-40.582251 -38.240061 -41.738676
-43.573144 -35.262248 -43.339643
-44.995121 -34.536789 -41.690082
-41.107362 -38.972505 -41.607661
-40.160190 -37.737757 -43.199606
-44.680032 -33.114025 -42.865396
-43.807646 -32.977019 -44.543713
-42.425862 -37.782393 -42.269872
-40.857811 -38.990906 -40.912663
-40.096137 -36.658290 -44.348029
-42.333802 -35.063662 -43.584054
-43.871080 -36.831099 -39.773033
-42.087406 -36.039594 -44.119962
-43.958062 -36.059023 -42.098895
-41.523311 -36.322185 -43.444518
-42.618344 -37.426617 -42.189092
-42.803341 -36.190627 -42.884738
-43.524465 -36.932079 -41.668552
-41.654273 -38.536567 -41.004482
-40.889558 -37.186846 -44.239441
-41.936445 -39.034587 -39.615836
-43.271496 -36.007300 -43.162404
-42.773746 -36.762291 -42.722425
-40.533692 -39.100781 -41.178446
-43.919650 -33.695442 -43.922897
-41.637348 -39.123460 -39.386452
-44.304688 -35.365389 -42.723978
-41.491691 -36.863049 -43.370669
-42.713995 -34.860374 -44.401701
-44.775083 -35.270222 -39.443102
-44.688491 -35.325144 -40.039201
-42.993008 -36.231448 -41.784822
-44.169394 -34.331732 -42.992025
-42.841474 -34.851214 -44.262322
-44.445945 -34.550911 -42.636105
-42.514795 -34.405847 -44.976724
-44.917169 -34.025792 -41.778595
-41.173170 -37.287211 -43.539917
-41.970430 -36.314218 -43.561133
