-40.983304 -39.813685 -38.423832
-42.686565 -32.018436 -45.546136
-39.742099 -38.305528 -41.616710
-42.427951 -38.773564 -38.419409
-41.704004 -32.780188 -46.138974
-45.409714 -32.908391 -41.399837
-39.811091 -39.285301 -40.851203
-40.167830 -39.528691 -40.285107
-45.328895 -33.197305 -41.900425
-41.987126 -36.431993 -44.377114
-43.201399 -32.257874 -44.927671
-40.207077 -38.930099 -41.423789
-40.559160 -35.567511 -45.153724
-41.889902 -37.337119 -42.957892
-42.373223 -36.981744 -42.652696
-41.634194 -38.830103 -40.486979
-41.451716 -34.437113 -45.786722
-40.430797 -38.998887 -41.179281
-42.666579 -32.390842 -45.388279
-41.032203 -36.688000 -44.619781
-42.844448 -38.561936 -39.045583
-43.012199 -36.785221 -42.875581
-44.197166 -35.961911 -39.472341
-41.101570 -39.736045 -38.875101
-45.088378 -33.461071 -41.240688
-40.813893 -39.429628 -40.730844
-44.595798 -33.219503 -43.088887
-41.863843 -36.610129 -44.141589
-43.749656 -33.835204 -43.672057
-41.573237 -33.037006 -45.669487
-44.233089 -33.668288 -43.716128
-42.734784 -34.027693 -44.973811
-43.884142 -36.175812 -38.483384
-41.824909 -37.729540 -42.520903
-42.219059 -38.677242 -39.263902
-42.772115 -37.942240 -40.588422
-43.564886 -34.164439 -43.754003
-41.703549 -35.166378 -45.079052
-42.155845 -38.813208 -39.896598
-43.998137 -35.644631 -42.495005
-40.928944 -38.443247 -41.109185
-44.746176 -34.728403 -40.144654
-43.286982 -35.732293 -43.531409
-43.035461 -37.203231 -41.640570
-42.821714 -38.279465 -40.009829
-43.363057 -37.611823 -41.363766
-41.412394 -37.624953 -43.935774
-42.626640 -38.706834 -39.203781
-44.348987 -34.759468 -43.230213
-42.442879 -35.337000 -44.730643
-42.898231 -37.144574 -42.000650
-44.462983 -35.800194 -38.609869
-43.872823 -34.379994 -43.310447
-44.836134 -33.810851 -42.137721
-44.427585 -33.125328 -43.480141
-42.252809 -37.086133 -42.122964
-42.325318 -38.104341 -41.589985
-41.758717 -38.460682 -40.061934
-45.050231 -33.515805 -41.169992
-43.710517 -32.485197 -44.287072
-43.464398 -36.924730 -41.746181
-44.067671 -35.035977 -42.420730
-42.397145 -32.763714 -45.249871
-43.487768 -32.606736 -44.265357
-44.335037 -36.041408 -38.534548
-40.726331 -37.932637 -42.256063
-44.148086 -32.577363 -43.776334
-43.124270 -34.108462 -43.898465
-42.087624 -32.903916 -45.526790
-41.560427 -39.127389 -41.037002
-44.954709 -34.390482 -40.972964
-44.299041 -35.258051 -42.024914
-43.611593 -36.506408 -41.341116
-44.585568 -34.466245 -41.555233
-41.444710 -39.369307 -38.654914
-41.055916 -37.824102 -42.902293
-43.839156 -35.290508 -43.058939
-41.374760 -39.456692 -38.792622
-43.353573 -33.084081 -44.797173
-44.667985 -34.832029 -41.016756
-44.539941 -35.042694 -42.205595
-41.364537 -39.206241 -39.769275
-43.666377 -36.268888 -41.929034
-44.918078 -34.577865 -41.235434
-41.478727 -39.646611 -38.429867
-40.771443 -36.845102 -44.202044
-43.168845 -34.892092 -43.863327
-41.149797 -36.320387 -44.744932
-42.463696 -34.948949 -45.221902
-40.446270 -39.594403 -40.224566
-42.080153 -38.065193 -42.210495
-43.626043 -34.653466 -43.587530
-45.055454 -33.451074 -41.625174
-43.438515 -36.720761 -42.463675
-42.503862 -38.085855 -41.001469
-40.641050 -39.191555 -41.084102
-44.877914 -34.680811 -39.663960
-42.710488 -36.886558 -43.373364
-41.371227 -39.359907 -39.592805
-41.706260 -35.916356 -44.421430
