-41.691542 -37.833785 -43.370523
-41.446134 -37.346958 -43.701542
-44.128374 -35.872035 -40.006567
-43.946014 -36.123190 -42.115107
-44.537795 -35.634605 -40.723472
-42.582074 -37.015865 -43.495715
-41.486957 -37.011740 -44.305080
-44.814755 -34.205642 -42.051329
-43.606125 -36.074946 -43.430895
-44.014606 -33.823973 -43.727857
-43.319067 -37.202860 -42.731707
-43.583361 -35.364711 -44.039726
-41.739118 -38.132206 -42.411760
-43.932593 -35.384224 -42.762368
-42.372208 -37.810798 -42.611606
-41.641122 -34.925790 -45.120185
-42.500848 -36.733460 -43.962481
-42.371393 -34.910963 -44.722689
-45.273674 -34.134050 -41.029293
-42.431165 -34.509977 -45.122067
-43.502262 -37.595150 -41.307588
-44.121393 -37.230147 -40.643565
-41.005472 -38.002196 -43.215458
-44.654440 -32.817891 -43.115003
-43.925481 -36.675208 -41.332125
-42.452334 -35.551901 -44.436891
-43.592806 -34.082627 -44.287396
-44.086444 -34.349419 -42.950655
-41.297610 -39.288047 -40.250716
-42.663129 -37.666511 -41.878269
-40.810425 -36.258618 -44.747485
-44.785670 -34.789109 -41.778908
-40.974454 -38.884184 -40.969664
-43.699560 -36.684689 -42.932044
-43.119094 -35.314224 -44.203248
-44.959916 -33.842681 -41.858857
-42.730260 -38.130710 -41.406419
-42.217650 -35.874510 -44.751543
-42.061358 -38.517443 -41.584721
-43.057487 -33.920435 -44.781147
-42.922257 -38.446733 -40.298416
-41.808457 -36.329845 -44.483051
-43.312529 -36.727758 -43.380513
-41.464562 -35.691218 -45.287551
-43.126544 -35.661947 -43.592697
-42.146770 -38.688686 -40.144734
-43.602373 -36.969936 -42.133443
-40.936344 -37.490619 -43.756027
