39.064023 32.055732 46.712393
39.089472 31.35322 46.749637
39.089472 31.35322 46.749637
40.183181 32.522989 46.673857
39.087666 32.103138 46.694847
40.513132 32.472979 46.656056
39.087666 32.103138 46.694847
39.113115 31.400626 46.732091
39.089472 31.35322 46.749637
39.089472 31.35322 46.749637
39.064023 32.055732 46.712393
40.59148 32.493201 46.558975
39.103565 32.121741 46.674409
40.552674 32.538988 46.618072
40.275622 33.311732 46.501548
39.103565 32.121741 46.674409
40.197274 33.29151 46.598629
40.419519 33.572392 46.384025
40.100564 34.201682 46.176646
40.275622 33.311732 46.501548
40.275622 33.311732 46.501548
40.030002 33.941417 46.358544
39.869356 33.906866 46.377884
40.030002 33.941417 46.358544
40.13745 35.00668 46.019567
40.279178 34.861085 45.497588
39.869356 33.906866 46.377884
39.685987 35.55285 45.433654
39.80528 34.564323 46.229676
39.889281 35.555525 45.288196
39.685987 35.55285 45.433654
40.279178 34.861085 45.497588
39.88465 35.535461 45.335085
40.339251 35.600504 44.929285
40.265853 36.196926 44.433289
40.119121 36.193319 44.479345
40.646855 37.925203 42.99895
39.824218 36.690533 44.026093
40.803879 37.775739 42.964842
39.249882 37.980839 42.677716
39.249882 37.980839 42.677716
40.214031 38.897569 41.513209
40.214031 38.897569 41.513209
40.124962 39.316845 41.25032
40.042053 39.015038 41.823717
40.124962 39.316845 41.25032
40.124962 39.316845 41.25032
39.911286 39.271856 41.35423
40.016053 39.729579 40.564211
40.016053 39.729579 40.564211
39.814566 39.608846 41.117891
40.016053 39.729579 40.564211
39.911286 39.271856 41.35423
40.016053 39.729579 40.564211
40.016053 39.729579 40.564211
40.238129 39.914239 40.035859
40.277722 39.749871 39.981966
39.995373 40.143151 39.015758
40.682654 39.94879 39.675782
40.274198 40.306649 38.920156
38.919032 40.529722 37.38817
39.26734 40.542041 36.632068
39.935453 40.511119 37.630997
39.995373 40.143151 39.015758
40.80276 40.460401 38.620161
39.314783 40.471852 38.061055
39.26734 40.542041 36.632068
41.277891 31.185608 46.346558
39.103565 32.121741 46.674409
40.23608 33.245723 46.539532
40.197274 33.29151 46.598629
40.846339 32.076864 46.419805
40.23608 33.245723 46.539532
40.197274 33.29151 46.598629
40.030002 33.941417 46.358544
40.030002 33.941417 46.358544
40.270605 33.973276 46.253614
39.869356 33.906866 46.377884
40.030002 33.941417 46.358544
39.965926 34.598874 46.210336
40.210344 34.078845 46.053085
40.109959 33.938725 46.272954
40.648612 34.8296 45.865317
39.869356 33.906866 46.377884
40.192519 35.596897 44.975341
39.933231 35.862206 45.079213
40.113842 35.901393 44.520653
40.976876 36.109348 44.286047
40.139469 36.199705 44.209451
39.897616 36.094111 44.522089
39.919069 37.169417 43.658871
39.896486 37.247772 43.284832
39.896486 37.247772 43.284832
39.656539 36.455953 44.728675
40.569169 36.68581 43.75856
40.354943 36.914192 43.809699
39.868168 36.997214 43.81711
40.814579 37.242488 43.071605
40.871516 38.312914 42.27047
41.596559 37.667064 42.867396
40.065766 37.725009 43.091561
40.534356 38.596442 42.248472
40.871516 38.312914 42.27047
41.154924 38.160671 42.4602
39.656197 37.925945 42.74695
40.799939 37.859087 42.552699
40.838899 38.891653 42.111609
40.838899 38.891653 42.111609
40.042053 39.015038 41.823717
40.569242 39.267791 41.393905
40.569242 39.267791 41.393905
40.14682 39.472761 41.033698
40.14682 39.472761 41.033698
41.298537 39.640332 40.749326
40.14682 39.472761 41.033698
41.727457 39.046692 40.769069
40.730141 39.665213 40.087215
40.682654 39.94879 39.675782
41.64424 39.391652 40.990368
40.499868 40.037537 39.480725
41.558661 39.466275 39.831314
40.468978 39.903801 39.779692
40.016053 39.729579 40.564211
40.445801 40.047245 39.850115
40.682654 39.94879 39.675782
40.274198 40.306649 38.920156
40.942715 39.882775 39.074468
40.274198 40.306649 38.920156
40.584594 40.014648 39.052585
40.445801 40.047245 39.850115
40.650791 40.191705 38.862231
40.445801 40.047245 39.850115
41.403026 40.072605 38.455931
41.113156 40.1684 38.75259
40.80276 40.460401 38.620161
41.268621 33.160666 46.286181
41.457168 32.781033 46.247959
40.846339 32.076864 46.419805
41.383226 32.513696 46.252236
40.806496 32.961123 46.505044
41.268621 33.160666 46.286181
40.478578 33.576479 46.284299
40.437877 33.323369 46.493699
40.884844 32.981345 46.407963
41.268621 33.160666 46.286181
40.785548 33.467522 46.170477
40.639224 33.61103 46.264959
41.121442 34.668466 45.868208
40.270605 33.973276 46.253614
40.778777 33.901127 45.985329
41.220981 35.132314 45.168003
40.886751 33.382251 45.901576
41.591418 33.742836 44.9727
40.778777 33.901127 45.985329
40.803615 35.853068 44.408505
41.151767 35.272792 44.690242
40.23791 35.236608 45.122491
40.15148 35.98658 44.44341
41.017558 35.281483 44.84196
41.214596 37.721299 43.044773
40.184458 35.716867 44.526055
41.448809 36.263095 43.384821
41.299309 35.896257 43.80365
41.017558 35.281483 44.84196
41.36648 36.597199 43.614225
40.546224 37.449067 43.168028
41.691155 36.530741 43.268623
40.817764 38.444199 42.438202
40.9493 36.852541 43.742404
41.525411 37.99767 42.077873
41.296682 37.809886 42.371795
41.639051 37.504912 42.941971
41.398333 38.224971 42.210936
41.753204 38.515927 41.638672
41.905904 37.479499 42.27821
41.059628 38.523425 42.174917
41.398333 38.224971 42.210936
41.655743 37.731876 42.194502
42.025266 38.469068 41.523089
41.074408 38.19304 42.294466
41.735271 37.90589 42.03593
41.746741 38.302765 41.805622
41.94475 38.501437 41.357355
41.491986 38.343849 41.749573
41.756417 38.687637 41.213299
41.525411 37.99767 42.077873
41.714124 38.881504 41.646761
41.834065 39.004296 40.536437
41.733653 37.977402 41.82213
41.778864 39.094438 40.516547
42.028479 38.640778 41.097716
41.94475 38.501437 41.357355
41.834065 39.004296 40.536437
41.756417 38.687637 41.213299
41.756417 38.687637 41.213299
41.94475 38.501437 41.357355
41.734555 39.212069 40.392984
41.298537 39.640332 40.749326
41.298537 39.640332 40.749326
42.451236 38.862904 40.154963
41.298537 39.640332 40.749326
41.430867 39.394573 40.118746
41.935372 39.287708 40.27374
40.953725 39.700993 39.874368
41.298537 39.640332 40.749326
41.43733 39.607735 39.951796
42.066727 39.157371 39.973018
41.396867 39.460776 40.02542
41.386995 39.833721 39.218053
40.499868 40.037537 39.480725
41.43733 39.607735 39.951796
41.386995 39.833721 39.218053
41.511546 39.945411 38.906789
40.445801 40.047245 39.850115
41.544373 40.005656 38.35033
41.544373 40.005656 38.35033
40.650791 40.191705 38.862231
41.851814 32.926401 45.866423
41.560547 31.859884 46.176996
41.559938 31.371229 46.18347
40.885881 32.142873 46.381821
41.281398 33.211001 45.900911
42.257814 32.929535 45.498437
41.189518 33.375844 45.692044
41.475112 33.14392 45.882409
41.543606 33.146515 45.741246
40.924687 32.097086 46.322724
41.985813 35.225878 44.171141
41.497785 34.096073 45.613382
42.20749 33.331397 45.314892
41.640014 33.551984 45.511645
42.206867 34.901394 44.830761
41.896109 35.723197 44.367433
42.398056 36.203864 43.71874
41.679033 34.78782 44.915714
42.378947 35.395589 44.05001
42.278485 35.576049 43.751066
42.260793 36.914967 43.192434
42.782606 36.327874 42.802339
42.343921 36.380985 43.268354
41.744603 35.793536 43.722536
41.529556 35.115358 44.506053
42.566539 36.723863 42.572393
42.260878 37.462838 41.976411
41.905904 37.479499 42.27821
42.201698 37.00994 42.615925
42.541764 37.242297 42.132482
43.218385 37.456729 42.099347
42.165471 38.317877 41.091578
42.127012 37.749041 41.808955
41.938287 38.288275 41.524305
41.94475 38.501437 41.357355
41.942456 38.552892 41.200596
42.055395 39.309391 40.264186
42.866096 38.222721 40.436437
42.240544 38.031878 41.69507
42.055395 39.309391 40.264186
41.938287 38.288275 41.524305
42.16608 38.806532 41.085104
42.028479 38.640778 41.097716
42.055395 39.309391 40.264186
42.544182 38.753089 40.175992
42.16608 38.806532 41.085104
42.055395 39.309391 40.264186
42.202149 39.198942 39.969401
41.914048 39.37634 40.369787
42.206318 39.463559 39.645692
42.468672 38.975459 38.822452
41.957464 39.672331 39.522888
41.752095 39.839433 38.953792
41.860615 39.712239 39.40465
41.639285 39.407144 39.676901
40.953725 39.700993 39.874368
41.511546 39.945411 38.906789
42.064607 39.598483 39.003309
42.453961 39.049526 38.268198
41.860615 39.712239 39.40465
42.36584 32.578759 45.437662
41.997221 32.941005 45.426317
42.028526 31.783934 45.797657
41.676147 33.327696 45.547995
42.462027 32.838414 45.301698
42.028526 31.783934 45.797657
42.028526 31.783934 45.797657
42.761748 33.502034 44.53065
42.865511 34.577557 44.45777
41.547178 33.845106 45.64635
41.881392 33.496138 45.265945
43.005586 36.255025 42.993959
43.191001 35.103741 43.664381
42.4801 35.32051 43.456688
43.684387 35.445032 43.370827
43.168567 35.522451 43.06984
42.683313 35.14621 43.7262
43.745142 34.817724 43.131814
42.998204 36.807289 42.450857
42.998204 36.807289 42.450857
43.381366 36.724155 42.175228
43.473707 37.437762 41.268746
43.359387 36.677126 42.295926
42.367638 37.648639 41.760671
42.891123 38.160682 41.68203
42.448551 38.573572 40.975943
42.961977 38.115226 40.92651
42.448551 38.573572 40.975943
42.595219 38.635543 40.377482
42.16608 38.806532 41.085104
42.372204 38.870558 40.4865
43.302725 37.882038 39.854085
42.379089 39.111611 39.242567
43.368274 37.756663 39.670233
42.202149 39.198942 39.969401
43.330127 37.811397 39.599537
43.197502 38.133322 38.203008
42.372204 38.870558 40.4865
42.431434 39.232557 38.015361
42.821727 38.234804 39.095176
42.90637 38.237266 38.919636
42.85609 38.762815 38.702918
42.527946 38.931587 37.855128
42.709192 31.760947 45.03874
43.31325 32.898721 44.681746
42.569778 30.836366 45.547603
42.897264 32.546075 44.893536
41.881392 33.496138 45.265945
42.874904 32.916252 44.341668
43.401089 34.551936 43.984955
42.653722 33.85281 44.591425
43.795393 35.107343 42.635141
43.453839 35.143298 43.405374
43.720114 35.34562 42.83385
43.528833 34.810745 43.475521
43.577043 34.429081 43.760892
43.513746 34.221224 43.877291
43.298174 35.751461 42.578425
43.168567 35.522451 43.06984
43.481073 35.679111 42.717676
43.719185 35.54939 42.757624
42.843372 37.126433 42.305214
43.311159 35.529272 42.776325
43.630386 35.822933 42.209975
43.161185 36.074715 42.526738
43.520033 36.711677 42.276586
43.415503 36.042208 42.405701
43.242254 36.424939 42.303018
43.667908 36.820975 40.708023
43.27914 36.829421 41.860334
43.286451 37.492728 40.098534
43.614839 37.088899 40.49087
43.698566 37.435551 39.744862
43.302725 37.882038 39.854085
43.231871 37.927494 40.609605
43.155524 38.22448 40.120162
42.799211 38.521787 39.976141
43.302725 37.882038 39.854085
42.595219 38.635543 40.377482
42.372204 38.870558 40.4865
43.368274 37.756663 39.670233
42.954554 38.41611 38.905164
42.372204 38.870558 40.4865
43.699415 37.812857 37.523598
42.991461 38.559705 37.227434
42.915081 38.836344 38.693234
43.272824 33.462964 44.256418
43.876914 35.232624 42.608453
43.104538 33.972441 44.056989
43.391521 34.568773 43.799029
44.011239 34.303978 43.190727
43.528833 34.810745 43.475521
43.751258 35.344194 42.657574
43.784879 35.487666 42.324437
43.948436 34.820399 42.986356
43.733107 34.927818 42.726241
43.487794 35.816112 42.50349
43.921773 35.5513 42.264182
44.42285 35.109098 41.683788
43.618363 36.532121 41.55268
44.180288 36.026095 41.388693
43.820951 36.534031 41.059238
43.784879 35.487666 42.324437
43.82572 36.680988 40.749752
43.955416 36.331199 42.129379
43.899299 36.554253 40.962157
43.285485 36.83165 41.685155
44.133603 35.843 41.654983
43.760955 36.538942 41.259165
43.540408 36.363465 41.760461
44.353784 36.49244 41.303473
43.694696 36.780256 40.74038
43.471766 36.952457 41.575488
43.809369 36.973063 40.060382
43.749373 36.977974 40.260309
43.694696 36.780256 40.74038
43.549215 37.256914 40.388218
43.700138 37.411082 39.769724
43.579877 36.946196 40.684074
43.82572 36.680988 40.749752
43.447725 37.723026 40.08307
44.042563 37.151251 38.633783
43.573602 37.469216 39.91304
43.762672 37.56865 39.365242
43.079105 38.5278 38.5939
43.410836 37.875777 38.962671
43.206844 37.989533 39.364012
43.822855 37.443828 38.57064
44.004864 37.212642 39.382648
43.206844 37.989533 39.364012
43.206844 37.989533 39.364012
43.410836 37.875777 38.962671
44.706285 33.748223 42.631598
44.813367 33.535294 42.833123
43.949403 33.80414 44.116748
44.73138 32.977238 43.191615
44.558229 34.074965 43.036436
44.467738 34.611878 41.856738
44.013201 34.962445 42.476943
44.013201 34.962445 42.476943
44.251406 35.105762 42.000954
44.437892 34.374649 42.557853
44.13168 34.82677 42.602746
44.542092 35.772352 41.029081
44.373766 36.292662 40.676648
44.428297 36.174512 40.49567
43.694696 36.780256 40.74038
43.82572 36.680988 40.749752
44.085332 36.791752 40.255276
44.547445 36.711077 39.328493
44.369845 35.66114 41.461396
44.491946 36.634428 39.79532
44.714827 36.566562 38.76015
44.008985 37.088738 39.765833
43.741614 37.724382 39.595308
43.853941 37.058474 40.001142
43.822855 37.443828 38.57064
43.777594 37.35546 39.511699
43.976643 36.835156 40.131258
43.573602 37.469216 39.91304
44.236255 36.94592 39.636782
43.736345 37.397442 40.325718
44.197607 37.181515 38.398474
43.800872 37.326398 39.783989
43.839019 37.271664 39.854685
44.274402 36.891186 39.707478
44.435829 36.857482 38.628098
43.96436 36.844855 40.253738
43.800872 37.326398 39.783989
44.042563 37.151251 38.633783
43.283097 38.414044 38.192559
44.042563 37.151251 38.633783
43.448983 37.821043 39.033367
44.004853 37.406192 38.817907
43.941073 37.617363 38.328635
43.448983 37.821043 39.033367
44.035715 37.388541 38.986257
43.966216 37.448237 38.14434
44.919834 33.20523 42.410236
45.3784 33.812108 41.055855
45.302192 34.254155 41.178338
44.697437 34.850211 40.594486
44.945157 34.654855 41.228464
45.402787 34.02441 40.580677
44.833155 34.818403 41.02569
44.680112 35.105347 40.674475
44.699562 35.310921 40.415361
44.650481 34.885962 40.850225
44.650481 34.885962 40.850225
44.491092 35.964592 40.442669
45.104395 35.755007 40.348605
44.506698 35.644444 41.415648
44.602088 35.767441 40.829154
45.201875 36.033826 38.737995
44.782754 36.283615 40.012164
44.621388 36.319219 39.079765
45.136276 35.708662 39.283124
44.995763 36.588694 38.169627
44.498294 36.818261 39.540877
44.264535 36.730681 40.38599
44.518036 37.069788 37.834475
44.365436 36.942263 38.516485
44.333568 37.043299 37.909556
43.939889 37.277029 39.104816
43.660734 38.028105 38.240533
43.777874 37.741268 37.401591
43.966216 37.448237 38.14434
44.267106 37.121819 39.240391
43.381427 38.234488 37.468653
45.256363 32.868353 41.834835
45.153532 34.021153 42.372804
45.594636 33.691679 40.872795
44.786009 33.632768 42.751861
45.3784 33.812108 41.055855
45.06721 34.046951 41.364144
44.872543 34.549311 41.946268
45.621722 34.493558 39.125021
45.079888 34.132257 41.291372
45.119824 34.594304 40.621115
45.3784 33.812108 41.055855
44.592688 35.633114 41.487743
45.217348 34.904476 40.412502
45.499847 34.498852 40.223156
45.150291 34.41496 40.855965
45.177488 35.821524 39.213173
45.113465 34.376576 40.928847
45.133751 35.656118 39.317424
45.039935 35.940563 38.899067
44.851887 35.976653 39.172955
44.47898 36.351805 40.179652
44.851887 35.976653 39.172955
45.051879 36.192674 38.352695
44.716827 36.710804 37.189472
45.112903 36.301857 37.330685
45.3816 35.746396 37.882923
44.272868 36.906673 39.611284
44.701838 36.697848 38.319975
44.621388 36.319219 39.079765
44.605574 36.456565 38.772364
45.086013 36.326808 38.251934
44.755475 36.475209 38.42778
44.995763 36.588694 38.169627
44.172464 37.350641 38.582769
44.433732 36.884685 38.482896
45.607719 33.069723 40.544374
45.587072 33.513275 41.514716
45.760119 33.958579 39.845072
45.698102 34.004457 39.751854
45.689508 33.403563 40.063161
45.676425 34.025519 40.391582
45.6968 33.677307 39.875457
45.760119 33.958579 39.845072
45.542326 35.397937 38.9594
45.809664 34.247433 39.000415
45.423722 34.085717 40.50053
45.475958 35.075185 39.637314
44.891849 35.836428 39.000062
44.639751 36.852208 38.214483
44.998341 36.078891 38.603007
45.587587 35.486305 38.018341
45.228557 36.03334 37.531708
44.950052 36.465024 38.740852
45.112903 36.301857 37.330685
44.992129 36.62286 37.806972
44.333568 37.043299 37.909556
44.938345 36.083802 38.802934
45.112903 36.301857 37.330685
44.716827 36.710804 37.189472
45.783258 33.784456 39.505436
45.757617 32.950399 40.388108
45.762169 32.321519 40.788218
45.711776 33.404842 40.033853
45.762169 32.321519 40.788218
45.71947 33.005133 40.317412
45.760119 33.958579 39.845072
45.607719 33.069723 40.544374
45.681718 34.488647 38.925094
45.619701 34.534525 38.831876
45.778935 32.904202 39.811302
45.809664 34.247433 39.000415
45.681718 34.488647 38.925094
45.600509 35.186875 39.32605
45.520447 35.246719 38.972808
45.756595 34.515357 38.783262
45.640656 35.218381 38.235494
45.3816 35.746396 37.882923
44.655025 36.746534 37.886162
45.587587 35.486305 38.018341
45.335445 35.955217 38.523817
45.112903 36.301857 37.330685
45.154205 36.183991 37.579024
45.112903 36.301857 37.330685
45.031468 36.369775 37.09275
45.228557 36.03334 37.531708
45.973363 32.712089 39.18927
45.973363 32.712089 39.18927
45.875033 32.891645 39.913176
45.881649 33.790141 39.167264
45.587587 35.486305 38.018341
45.184511 36.082831 37.443965
45.434544 35.773249 37.667126
45.228557 36.03334 37.531708
45.228557 36.03334 37.531708
45.856099 33.89625 39.148158
46.092274 34.3378 37.785803
45.936332 33.502397 39.127816
45.854986 34.521042 38.44509
45.701395 35.172451 38.250362
45.929863 34.547752 38.303258
45.500944 35.207425 39.306025
45.749998 35.276353 37.500886
45.576696 35.733285 38.266323
45.788804 35.230566 37.441789
45.130227 36.212896 38.255614
45.222874 35.977769 37.939401
45.228557 36.03334 37.531708
45.587587 35.486305 38.018341
45.785838 33.327885 39.639498
45.773921 33.712349 39.645271
45.965076 33.986228 38.784864
45.906492 32.812927 39.902523
45.628859 34.169961 39.610678
45.980052 33.713763 38.94326
45.642746 35.319355 37.646817
45.749998 35.276353 37.500886
46.142008 34.319088 37.465623
45.651204 35.355607 37.136465
45.749998 35.276353 37.500886
45.434544 35.773249 37.667126
45.749998 35.276353 37.500886
45.82788 33.899458 38.886855
45.937051 34.291439 38.525831
46.011209 33.529107 38.985984
45.778546 33.054141 39.827202
46.155091 33.697132 37.137202
46.092463 34.030234 38.31028
45.994916 34.675698 38.010157
46.089772 33.32962 38.328839
45.907382 34.91236 38.38578
46.142008 34.319088 37.465623
45.611057 35.324101 38.227021
46.142008 34.319088 37.465623
45.787308 34.814986 38.583672
46.02854 33.499202 38.609718
45.848798 33.739059 39.503439
45.832505 34.88565 38.527612
45.756057 34.521533 38.611617
45.897874 33.529862 39.440373
46.068448 33.418252 38.424886
45.941847 34.943622 37.793004
45.990991 33.848113 38.432656
45.666862 34.957773 38.337939
46.011209 33.529107 38.985984
46.092274 34.3378 37.785803
46.069793 34.702408 37.868325
46.155091 33.697132 37.137202
46.029144 33.748962 38.340665
46.017397 34.31109 37.927635
46.092463 34.030234 38.31028
46.077111 33.781434 38.331132
46.060285 33.31991 38.922918
46.114944 33.665626 38.227758
46.074418 34.0442 38.050256
46.142008 34.319088 37.465623
46.114944 33.665626 38.227758
46.011209 33.529107 38.985984
46.007216 33.587834 38.705765
46.181754 32.966231 37.859376
46.102203 33.774955 37.474201
46.077111 33.781434 38.331132
46.039064 33.359177 38.679212
46.181754 32.966231 37.859376
45.97653 33.201609 39.083694
46.118339 33.312722 38.614343
46.155091 33.697132 37.137202
45.991582 33.723661 38.352211
46.037158 32.782267 39.071868
46.029144 33.748962 38.340665
46.181754 32.966231 37.859376
46.018527 32.608133 39.448791
46.039064 33.359177 38.679212
46.092463 34.030234 38.31028
46.014677 33.146875 39.15439
46.101081 33.313299 38.77243
45.990991 33.848113 38.432656
46.068448 33.418252 38.424886
