-44.356896 -35.634982 -42.721497
-42.086708 -39.021560 -39.817744
-40.103867 -38.600114 -42.383840
-43.209018 -37.813865 -41.217138
-42.498503 -38.319908 -41.926361
-44.332558 -36.268383 -41.619202
-45.011609 -35.469815 -40.200904
-41.178112 -39.726665 -38.898838
-42.667430 -35.173424 -44.157085
-42.197207 -37.702420 -42.768805
-42.345208 -38.559794 -41.272631
-42.847273 -36.376075 -43.321061
-41.233780 -36.965550 -44.614832
-44.753488 -35.436734 -40.726346
-40.925421 -39.326448 -40.260613
-42.951439 -38.413050 -40.001666
-40.754369 -38.567989 -42.112493
-43.455389 -35.509032 -43.871617
-41.199782 -37.197628 -43.974533
-41.254595 -38.234795 -42.773407
-44.051626 -36.665869 -40.662015
-42.865261 -37.799591 -42.475389
-44.645803 -34.999259 -42.145179
-39.938997 -37.319280 -43.839233
-42.617898 -35.904148 -43.878901
-41.998220 -36.579052 -44.192840
-43.948007 -35.522135 -43.386588
-40.972428 -37.072683 -44.422137
-40.833782 -39.876344 -38.787613
-42.023690 -36.924336 -43.554917
-43.457009 -37.556526 -41.952916
-43.336323 -34.590837 -44.110586
-43.930299 -37.196727 -40.042316
-43.676230 -35.657969 -43.480414
-42.123518 -36.262740 -44.280638
-42.673231 -36.983123 -43.057024
-41.438919 -38.953934 -41.572350
-43.722847 -36.222017 -42.076225
-43.260836 -36.777232 -42.219175
-43.714905 -36.601560 -43.061081
-41.158959 -37.532846 -43.370995
-41.880812 -38.234510 -42.182737
