-41.617987 -33.515176 -45.109114
-40.782744 -39.101975 -40.921664
-41.138960 -38.189975 -42.851010
-43.974475 -35.198058 -43.560844
-41.580816 -37.461864 -44.048232
-42.031286 -37.670907 -43.499255
-41.594218 -39.329029 -39.522894
-43.094330 -34.588265 -44.572996
-41.678478 -38.101687 -42.060650
-40.370107 -34.636205 -45.024565
-43.259996 -37.755048 -41.261338
-41.234838 -34.027695 -45.208487
-40.323114 -38.954955 -42.195093
-44.276569 -36.082518 -41.846288
-40.536861 -37.878721 -43.825834
-43.149311 -38.257907 -40.440420
-43.417570 -33.851326 -44.491573
-41.912860 -36.393546 -44.632915
-43.907175 -36.500423 -42.304815
-40.515494 -37.493685 -44.408856
-43.111417 -36.955798 -42.668722
-43.920125 -34.463642 -43.874163
-43.366261 -37.201830 -42.305120
-44.242610 -35.837075 -42.657868
-43.718486 -35.316811 -43.487968
-43.881844 -35.950788 -42.983163
-43.464591 -37.022274 -41.581214
-42.972459 -37.678504 -42.568441
-43.521746 -37.396197 -40.760121
-41.299675 -39.576905 -39.469089
-41.020466 -38.685792 -41.950975
-43.219991 -35.801268 -43.688220
-41.974618 -36.985190 -43.784911
-42.246010 -36.561923 -43.722340
-41.526843 -38.885569 -41.151628
-42.679109 -37.061154 -42.776065
-42.518012 -38.126589 -42.024795
-42.405466 -33.606795 -44.897629
-42.170001 -37.395048 -42.653874
-42.340206 -35.484564 -44.743769
-43.946189 -37.184707 -40.751475
-42.895461 -36.042152 -44.287774
-43.695470 -34.890351 -43.948538
-42.806261 -32.466283 -44.974679
-41.934082 -38.896743 -40.322593
-43.535782 -36.109105 -43.079351
-43.883892 -36.863077 -41.557498
-42.568075 -38.529200 -39.769253
-42.976824 -36.422277 -43.504825
-44.176819 -36.549212 -41.138421
-42.920082 -37.904169 -40.991044
-42.402123 -37.041980 -43.329316
-43.295180 -35.539913 -43.884196
