39.900245 33.600157 46.411219
39.064023 32.055732 46.712393
39.113115 31.400626 46.732091
39.064023 32.055732 46.712393
40.222723 32.588998 46.635873
40.183181 32.522989 46.673857
39.089472 31.35322 46.749637
39.064023 32.055732 46.712393
39.089472 31.35322 46.749637
40.261529 32.543211 46.576776
39.103565 32.121741 46.674409
40.552674 32.538988 46.618072
39.103565 32.121741 46.674409
40.552674 32.538988 46.618072
40.23608 33.245723 46.539532
40.969716 34.354742 46.077709
40.197274 33.29151 46.598629
39.988305 34.217487 46.207523
40.030002 33.941417 46.358544
40.030002 33.941417 46.358544
40.275622 33.311732 46.501548
39.56044 34.878864 45.895318
39.821033 34.867394 45.967438
40.188286 35.261926 44.945443
39.840252 36.515288 44.529766
39.006235 35.931979 44.642017
40.757479 37.045975 43.447649
40.103801 37.607402 43.146834
39.896486 37.247772 43.284832
39.106014 35.215098 45.397827
39.823807 35.620958 45.181557
39.394078 36.839169 43.882419
40.871516 38.312914 42.27047
40.871516 38.312914 42.27047
40.871516 38.312914 42.27047
39.599908 37.987121 42.486202
40.042053 39.015038 41.823717
40.569242 39.267791 41.393905
39.814566 39.608846 41.117891
40.357112 39.144484 41.707367
39.911286 39.271856 41.35423
39.911286 39.271856 41.35423
40.569242 39.267791 41.393905
39.814566 39.608846 41.117891
39.814566 39.608846 41.117891
39.814566 39.608846 41.117891
40.468978 39.903801 39.779692
39.683154 39.932633 40.196943
39.758046 39.822559 40.016212
40.828777 40.218902 38.511821
39.26734 40.542041 36.632068
40.014755 40.279675 39.087792
40.366412 40.242207 38.621462
40.014755 40.279675 39.087792
40.197274 33.29151 46.598629
40.513132 32.472979 46.656056
40.197274 33.29151 46.598629
39.064023 32.055732 46.712393
40.275622 33.311732 46.501548
40.109959 33.938725 46.272954
39.80528 34.564323 46.229676
40.030002 33.941417 46.358544
40.013249 34.848897 45.850971
39.869356 33.906866 46.377884
40.013249 34.848897 45.850971
40.385056 34.631134 45.881619
40.688294 34.672506 45.568764
40.339251 35.600504 44.929285
39.729937 35.859531 45.224671
39.816596 35.123719 45.746918
39.801454 35.980298 44.634924
40.590932 35.653535 44.795364
40.706125 36.817801 44.122478
39.402143 36.855254 43.735005
40.333576 36.529156 44.392721
40.381559 37.056445 43.696581
39.910212 37.090722 43.196255
40.51895 38.387245 42.126163
40.103801 37.607402 43.146834
40.987859 36.95546 43.575224
39.896486 37.247772 43.284832
40.292808 37.561966 43.183004
40.872964 37.787105 42.971102
40.51895 38.387245 42.126163
40.838899 38.891653 42.111609
41.154924 38.160671 42.4602
40.51895 38.387245 42.126163
41.187307 38.969447 41.706295
40.893374 38.46883 42.053848
41.276307 39.14372 41.336226
40.14682 39.472761 41.033698
40.943666 39.349376 41.32159
41.298537 39.640332 40.749326
41.248245 38.759786 41.481584
41.19996 39.440706 40.846783
40.016053 39.729579 40.564211
40.14682 39.472761 41.033698
40.739547 39.558483 40.847445
40.943666 39.349376 41.32159
41.019712 39.476834 40.844928
40.016053 39.729579 40.564211
40.016053 39.729579 40.564211
40.682654 39.94879 39.675782
41.706326 39.542563 39.766325
40.953725 39.700993 39.874368
40.016053 39.729579 40.564211
40.445801 40.047245 39.850115
40.274198 40.306649 38.920156
41.159889 39.982879 39.373119
40.445801 40.047245 39.850115
41.511546 39.945411 38.906789
40.274198 40.306649 38.920156
40.80276 40.460401 38.620161
40.274198 40.306649 38.920156
40.974363 40.200997 39.55012
40.80276 40.460401 38.620161
39.26734 40.542041 36.632068
40.030002 33.941417 46.358544
41.268621 33.160666 46.286181
40.270605 33.973276 46.253614
41.268621 33.160666 46.286181
40.806496 32.961123 46.505044
40.270605 33.973276 46.253614
40.437877 33.323369 46.493699
40.270605 33.973276 46.253614
40.270605 33.973276 46.253614
40.378631 33.6225 46.192839
40.270605 33.973276 46.253614
40.302064 33.894558 46.242961
41.869968 35.412107 44.259502
41.439878 36.000777 44.110221
41.526537 35.264965 44.632468
40.758019 36.317666 44.384075
41.151767 35.272792 44.690242
40.384642 35.240215 45.076435
41.014688 34.190263 45.225508
41.323243 35.26229 44.777926
40.998243 36.494384 43.703025
41.57133 36.55858 43.532141
41.368036 36.555905 43.677599
41.082637 36.564776 43.622297
41.662503 37.208852 42.621932
41.631159 36.535652 43.46855
41.691155 36.530741 43.268623
41.13664 35.959405 44.423076
41.029587 37.167584 42.856407
41.91829 37.162183 42.426195
41.864538 37.293468 42.593927
41.398333 38.224971 42.210936
42.201698 37.00994 42.615925
41.226387 38.60387 41.698206
41.426986 38.113812 42.344617
41.905904 37.479499 42.27821
41.815385 37.750972 42.371118
41.905904 37.479499 42.27821
41.938287 38.288275 41.524305
42.028479 38.640778 41.097716
41.94475 38.501437 41.357355
41.873287 38.058238 42.119349
42.076684 37.753296 42.244356
41.756417 38.687637 41.213299
41.50047 38.550491 41.21377
41.938287 38.288275 41.524305
42.055395 39.309391 40.264186
41.834065 39.004296 40.536437
42.028479 38.640778 41.097716
41.834065 39.004296 40.536437
41.834065 39.004296 40.536437
41.331364 39.700577 40.192867
41.298537 39.640332 40.749326
42.227373 39.191922 39.953678
41.43733 39.607735 39.951796
40.953725 39.700993 39.874368
41.785342 39.183147 41.064063
42.490778 38.928913 40.116979
41.43733 39.607735 39.951796
42.295998 39.331761 39.257443
41.860615 39.712239 39.40465
41.192716 40.043124 38.81666
41.860615 39.712239 39.40465
41.544373 40.005656 38.35033
41.591819 39.358646 39.868868
41.386203 40.038707 38.289188
41.314318 32.000914 46.040466
41.314927 32.489569 46.033992
41.918376 33.138688 45.683472
40.639224 33.61103 46.264959
41.35386 32.066923 46.002482
41.008028 33.172136 46.214061
41.268621 33.160666 46.286181
41.342242 32.823168 45.833656
41.194612 33.919437 45.502043
41.274475 32.885173 46.125705
41.354469 32.555578 45.996008
41.314318 32.000914 46.040466
41.435278 34.812932 45.150437
41.756649 34.290471 44.84394
42.295799 34.963441 44.276229
41.174685 34.824402 45.078317
41.831936 32.898844 45.794445
41.303344 35.561073 44.263436
41.769556 36.000673 44.188601
41.902429 36.030369 43.462641
41.571007 35.138596 44.976489
41.288546 34.809325 45.196493
41.150149 35.344304 44.476442
41.174685 34.824402 45.078317
41.027953 34.820795 45.124373
42.346286 35.553246 43.935793
42.723982 36.32463 42.817173
41.4836 36.563008 43.31713
42.651347 35.896069 43.827268
42.373651 36.511526 42.744814
42.268909 36.434748 43.095436
42.22446 36.778226 43.241678
41.500175 35.350586 44.284928
41.631159 36.535652 43.46855
42.260878 37.462838 41.976411
42.512071 38.011883 41.837826
42.891123 38.160682 41.68203
42.260878 37.462838 41.976411
42.16608 38.806532 41.085104
42.018803 38.255906 41.690039
42.081529 38.03797 41.863606
42.025266 38.469068 41.523089
42.16608 38.806532 41.085104
41.747006 37.7534 42.165976
42.16608 38.806532 41.085104
42.240544 38.031878 41.69507
41.94475 38.501437 41.357355
41.938287 38.288275 41.524305
41.94475 38.501437 41.357355
42.719428 38.16075 41.034898
42.055395 39.309391 40.264186
42.028479 38.640778 41.097716
42.202149 39.198942 39.969401
42.055395 39.309391 40.264186
42.214558 38.486125 40.736774
42.202149 39.198942 39.969401
42.291732 39.06279 39.549286
41.860615 39.712239 39.40465
42.206318 39.463559 39.645692
41.773419 39.750801 38.857745
41.511546 39.945411 38.906789
42.206318 39.463559 39.645692
42.064607 39.598483 39.003309
41.860615 39.712239 39.40465
42.21765 39.311539 39.354524
41.386995 39.833721 39.218053
41.314318 32.000914 46.040466
41.997221 32.941005 45.426317
42.177768 31.793631 45.582866
42.028526 31.783934 45.797657
42.36584 32.578759 45.437662
42.72262 32.826944 45.373818
42.028526 31.783934 45.797657
42.028526 31.783934 45.797657
41.881392 33.496138 45.265945
41.807771 33.833636 45.71847
42.685181 33.774092 44.580772
41.957679 32.874996 45.464301
41.822163 33.830955 45.101415
41.881392 33.496138 45.265945
41.35386 32.066923 46.002482
42.121625 35.165535 44.664273
42.457526 33.811658 45.115761
42.855183 34.111777 44.031799
42.408328 35.160361 44.271135
42.821398 33.603742 44.411488
43.233931 35.173149 43.413984
42.982146 35.316044 43.790065
43.036174 35.543423 43.32126
43.279193 36.279131 42.877393
42.431528 35.289105 44.102281
43.073081 36.833999 42.309025
42.563951 36.748632 42.586763
43.226526 36.282068 42.603363
43.218385 37.456729 42.099347
43.214243 36.291767 42.725843
42.998204 36.807289 42.450857
43.301124 37.271198 40.833459
43.27914 36.829421 41.860334
42.868359 37.450447 42.290861
42.961977 38.115226 40.92651
42.595219 38.635543 40.377482
42.595219 38.635543 40.377482
42.595219 38.635543 40.377482
42.595219 38.635543 40.377482
42.462222 38.451994 40.915866
42.66447 38.284178 39.754951
42.595219 38.635543 40.377482
42.482441 38.361042 40.487857
42.202149 39.198942 39.969401
42.802433 38.67201 39.665277
43.776255 37.446826 39.777574
42.372204 38.870558 40.4865
43.330127 37.811397 39.599537
42.569378 39.085024 38.452192
43.197502 38.133322 38.203008
42.451849 38.941561 38.655709
42.444175 39.123228 38.768918
42.85609 38.762815 38.702918
42.851921 38.498198 39.026627
43.582814 37.758308 38.652163
43.045417 33.409114 44.060337
42.675113 32.164454 45.453281
42.028526 31.783934 45.797657
42.657716 33.550707 44.867777
42.838841 34.174512 43.900929
42.2771 33.861453 44.63102
43.274705 34.554715 43.761117
42.943906 35.13474 43.79832
43.289792 35.144236 43.359347
43.579163 35.223303 43.004961
42.497911 35.024209 43.85102
44.136484 34.784309 42.712468
43.640837 35.529168 42.854705
43.084254 35.582822 42.979578
43.921773 35.5513 42.264182
43.720114 35.34562 42.83385
43.316739 36.709002 42.422044
44.041684 36.694782 41.686205
43.520033 36.711677 42.276586
43.524072 37.42604 40.572513
43.814455 37.204574 40.196321
43.387569 37.231717 40.619921
42.91921 37.561549 41.754732
43.573602 37.469216 39.91304
43.614839 37.088899 40.49087
43.573602 37.469216 39.91304
43.573602 37.469216 39.91304
43.330127 37.811397 39.599537
43.401055 37.702482 39.130179
43.777594 37.35546 39.511699
43.206844 37.989533 39.364012
43.302725 37.882038 39.854085
43.302725 37.882038 39.854085
43.859125 37.431656 39.13305
43.168462 38.332072 38.169375
43.1129 38.269394 40.308016
43.206844 37.989533 39.364012
43.206844 37.989533 39.364012
43.059643 38.331975 39.630089
43.783604 32.134306 43.76472
43.424333 33.398496 44.424428
43.522663 33.21894 43.700522
43.528833 34.810745 43.475521
45.119779 33.270334 41.89695
44.360054 33.955682 43.168362
43.801022 36.183519 42.703122
43.893082 34.39914 42.835449
43.900583 35.510424 42.405012
43.513746 34.221224 43.877291
43.987467 35.489576 41.830995
43.008803 35.672394 42.932811
44.16124 35.171524 42.682092
44.261155 34.660172 42.467427
43.720114 35.34562 42.83385
44.193368 35.417018 41.698535
43.899352 36.003963 41.979216
43.9777 36.024185 41.882135
44.194546 35.392288 42.183332
43.387569 37.231717 40.619921
43.87937 36.203741 42.606041
43.733323 36.845605 40.537044
43.926542 35.698257 41.954696
43.163168 37.670864 39.863009
43.853941 37.058474 40.001142
42.977973 37.521511 40.472437
43.549215 37.256914 40.388218
44.008985 37.088738 39.765833
43.749373 36.977974 40.260309
43.800872 37.326398 39.783989
43.611749 37.414482 39.983736
42.977973 37.521511 40.472437
43.638121 37.45696 39.676506
44.085332 36.791752 40.255276
44.236255 36.94592 39.636782
43.619302 37.874668 37.643469
43.800872 37.326398 39.783989
43.573602 37.469216 39.91304
43.442611 37.49338 39.511354
43.448983 37.821043 39.033367
43.724525 37.623384 39.294546
43.410836 37.875777 38.962671
43.410836 37.875777 38.962671
43.206844 37.989533 39.364012
43.119648 38.028095 38.817107
43.055913 38.384442 38.625286
43.059643 38.331975 39.630089
43.382615 37.498291 39.711281
44.085186 32.954476 43.570379
44.656857 32.166308 42.762286
44.714901 31.813823 42.721925
43.611122 34.025574 43.346351
43.801235 35.162841 43.252433
44.050781 34.369987 43.152743
44.501251 34.57903 42.603766
44.17265 34.089327 43.065787
43.999267 35.492611 41.764551
43.668954 36.22429 42.058142
44.678708 35.221013 40.582374
44.715639 34.583975 42.04388
44.903558 35.101106 40.590283
44.614774 35.158103 41.598931
44.834473 36.378015 38.669133
44.346804 34.98164 42.16045
44.452114 36.312884 40.579567
44.940426 35.068165 40.433881
43.984598 36.876436 40.241011
43.853941 37.058474 40.001142
44.441783 36.645277 39.005928
43.680849 37.304715 39.793543
44.06749 37.006144 39.53494
44.264535 36.730681 40.38599
43.719298 37.020804 41.0237
43.611749 37.414482 39.983736
43.930637 37.068516 39.862914
44.211868 36.733618 40.11196
44.295043 36.700355 38.95086
44.273954 36.884529 38.887917
43.5982 37.870537 38.645015
43.776485 37.114096 40.259167
44.334585 36.766364 38.912876
44.334585 36.766364 38.912876
44.256237 36.746142 39.009957
43.861002 37.389094 38.641336
43.839019 37.271664 39.854685
44.112062 37.091555 39.4757
43.941073 37.617363 38.328635
43.762672 37.56865 39.365242
44.035715 37.388541 38.986257
44.359482 37.154468 38.138655
43.861002 37.389094 38.641336
44.043011 37.157908 39.453344
43.966216 37.448237 38.14434
43.563879 37.588833 39.313886
43.487183 37.578791 39.452114
44.004864 37.212642 39.382648
43.666588 37.752612 38.080057
43.487183 37.578791 39.452114
43.448983 37.821043 39.033367
43.966216 37.448237 38.14434
43.794827 37.73658 38.534795
43.27738 38.080447 38.103408
43.410836 37.875777 38.962671
44.727816 32.572755 42.35632
44.777839 33.967884 41.71853
44.800668 32.966047 42.090125
45.71947 33.005133 40.317412
45.021935 34.227173 41.21618
45.570249 33.479377 41.347973
45.124482 33.779499 41.452666
45.302192 34.254155 41.178338
45.550835 35.101895 39.495482
44.649911 34.812032 41.4093
44.811995 35.042911 41.167718
44.879335 35.32378 39.987
45.144211 34.806606 40.145937
44.833155 34.818403 41.02569
45.147745 34.656765 40.735022
45.083737 34.939881 40.34732
44.699562 35.310921 40.415361
44.495464 35.214642 40.965984
44.475708 35.323484 41.200113
44.540697 36.211496 39.481244
44.496983 35.988183 39.538828
44.871235 36.063095 39.305398
44.582744 35.771902 40.938986
44.334585 36.766364 38.912876
44.353784 36.49244 41.303473
44.637453 36.389424 39.326004
44.995763 36.588694 38.169627
44.094116 37.330419 38.67985
44.363435 36.625055 39.103009
43.877872 37.322907 39.011598
44.236255 36.94592 39.636782
44.365436 36.942263 38.516485
44.167654 36.84753 40.10828
43.699415 37.812857 37.523598
44.035715 37.388541 38.986257
44.567427 36.511299 38.701668
44.380412 36.669798 38.674881
43.699415 37.812857 37.523598
43.979754 37.402115 37.6117
44.433732 36.884685 38.482896
44.421499 37.10859 38.231873
44.421499 37.10859 38.231873
43.37571 37.900891 37.379502
44.134045 37.208985 38.262351
43.777874 37.741268 37.401591
44.134045 37.208985 38.262351
45.570249 33.479377 41.347973
45.655547 32.474101 40.61685
45.206821 32.233905 42.48002
45.326579 34.466457 40.70316
45.222468 32.707393 41.530586
45.548925 33.568009 41.44402
45.3784 33.812108 41.055855
45.043999 34.047042 41.211829
45.402787 34.02441 40.580677
45.710663 34.029634 39.330785
45.064934 34.990154 40.166792
44.649911 34.812032 41.4093
44.892388 35.470995 39.645394
45.397917 35.094062 39.577217
44.991953 35.217254 40.168819
44.8827 35.107257 40.181033
44.933759 35.394421 39.855458
44.595897 35.554402 40.014144
45.354579 34.375047 39.7298
44.626748 35.730301 39.617753
45.144211 34.806606 40.145937
44.676588 35.662125 39.612665
45.275424 35.200254 38.839314
44.846825 36.264702 38.956069
44.383185 36.44651 39.178575
44.945703 35.692208 39.591312
44.846825 36.264702 38.956069
44.933229 36.431126 38.574109
44.995763 36.588694 38.169627
44.836965 36.189843 39.026498
44.605574 36.456565 38.772364
44.739985 36.643114 38.390671
44.645775 36.531521 38.604587
44.632035 36.844238 37.380738
44.477946 36.770773 38.486576
44.645775 36.531521 38.604587
44.134045 37.208985 38.262351
44.528779 36.746894 37.46336
44.512319 36.736191 37.745324
45.086013 36.326808 38.251934
44.754216 36.692377 37.339664
44.528779 36.746894 37.46336
44.755475 36.475209 38.42778
44.141341 36.978352 38.729438
44.141341 36.978352 38.729438
43.812256 37.695258 36.961586
44.134045 37.208985 38.262351
45.611459 33.725577 41.039538
45.635568 33.846889 40.156336
45.548925 33.568009 41.44402
45.611459 33.725577 41.039538
45.762169 32.321519 40.788218
45.548925 33.568009 41.44402
45.754811 32.713113 39.99984
45.357076 33.90074 41.151902
45.820753 33.49482 39.670559
45.616987 34.212015 39.384214
45.832334 33.575259 39.44237
45.760119 33.958579 39.845072
45.264147 35.085712 39.73542
45.701936 34.169641 39.478422
45.087065 35.944405 38.533491
45.13143 36.271547 37.863508
45.546655 35.331095 38.7348
45.522268 35.118793 39.209978
44.474112 36.605589 38.760008
45.265946 36.014913 37.6819
44.739591 36.247076 39.022944
44.971376 36.376392 38.644805
45.484121 35.173527 39.139282
45.112903 36.301857 37.330685
45.335445 35.955217 38.523817
45.33238 35.787621 38.664464
44.917415 36.568472 38.266708
45.434544 35.773249 37.667126
44.602589 36.460395 39.141512
45.179462 35.779788 38.746199
44.567427 36.511299 38.701668
44.683922 36.476787 38.675283
44.430155 37.183391 37.170629
44.528779 36.746894 37.46336
44.718661 36.731746 38.486718
44.477946 36.770773 38.486576
43.941073 37.617363 38.328635
43.854669 37.450939 38.710595
44.442222 36.962361 37.677416
44.433732 36.884685 38.482896
45.754548 32.6919 40.28648
45.645866 33.014989 40.61507
45.973363 32.712089 39.18927
45.778935 32.904202 39.811302
45.711776 33.404842 40.033853
45.965076 33.986228 38.784864
45.783258 33.784456 39.505436
45.952203 32.936597 39.331298
45.783258 33.784456 39.505436
45.733224 32.780532 40.382527
45.711776 33.404842 40.033853
45.856099 33.89625 39.148158
45.809664 34.247433 39.000415
45.854986 34.521042 38.44509
45.640656 35.218381 38.235494
45.094928 36.218983 37.86408
44.875811 35.926234 39.207416
45.3816 35.746396 37.882923
44.917415 36.568472 38.266708
45.112903 36.301857 37.330685
45.434544 35.773249 37.667126
45.754548 32.6919 40.28648
45.762169 32.321519 40.788218
45.728153 34.137464 39.072837
45.443017 34.269758 39.758509
45.881649 33.790141 39.167264
45.832334 33.575259 39.44237
46.114944 33.665626 38.227758
45.881649 33.790141 39.167264
45.897874 33.529862 39.440373
45.674872 33.516179 40.240557
45.640656 35.218381 38.235494
45.683738 35.004939 38.061214
45.587587 35.486305 38.018341
45.17431 35.820237 39.460075
45.576696 35.733285 38.266323
45.587587 35.486305 38.018341
45.663795 35.044258 37.895858
45.646221 34.936306 39.00508
45.587587 35.486305 38.018341
45.434544 35.773249 37.667126
45.3816 35.746396 37.882923
45.434544 35.773249 37.667126
45.434544 35.773249 37.667126
45.130227 36.212896 38.255614
45.264006 36.114009 37.757772
45.762354 33.795443 39.249911
45.75108 33.074132 40.118074
45.790576 32.863482 39.968243
45.973363 32.712089 39.18927
45.832505 34.88565 38.527612
45.681718 34.488647 38.925094
45.980052 33.713763 38.94326
45.832334 33.575259 39.44237
45.688469 34.591629 38.855797
45.907211 33.601969 39.300538
45.663795 35.044258 37.895858
45.944479 34.615431 36.819853
45.855644 34.711527 38.187976
45.663795 35.044258 37.895858
45.710462 34.957623 37.325146
45.651668 35.455909 38.224792
46.04406 33.580189 38.649809
45.929863 34.547752 38.303258
45.93867 33.523251 39.289885
46.068448 33.418252 38.424886
45.434544 35.773249 37.667126
45.906492 32.812927 39.902523
45.773921 33.712349 39.645271
45.952203 32.936597 39.331298
46.00587 34.171376 38.167763
46.092274 34.3378 37.785803
46.142008 34.319088 37.465623
45.988014 33.877776 38.432216
45.979597 34.52904 37.983078
45.904332 34.583925 37.910409
46.018055 34.501575 37.670521
45.964328 34.579014 37.710482
45.979597 34.52904 37.983078
45.944479 34.615431 36.819853
45.787308 34.814986 38.583672
46.011209 33.529107 38.985984
46.114944 33.665626 38.227758
46.089772 33.32962 38.328839
46.033781 33.8269 38.754395
46.092274 34.3378 37.785803
45.964328 34.579014 37.710482
45.875204 34.202036 38.998418
46.018055 34.501575 37.670521
46.060285 33.31991 38.922918
46.155091 33.697132 37.137202
46.040227 33.040766 39.173496
46.011209 33.529107 38.985984
46.068448 33.418252 38.424886
46.018527 32.608133 39.448791
46.155091 33.697132 37.137202
46.068448 33.418252 38.424886
46.092463 34.030234 38.31028
45.843459 34.381328 38.685218
46.118339 33.312722 38.614343
46.012401 34.090078 37.957038
46.155091 33.697132 37.137202
46.060285 33.31991 38.922918
46.101081 33.313299 38.77243
46.181754 32.966231 37.859376
46.040227 33.040766 39.173496
46.142008 34.319088 37.465623
45.97653 33.201609 39.083694
45.96851 34.212721 38.515178
46.118339 33.312722 38.614343
45.990991 33.848113 38.432656
46.089772 33.32962 38.328839
46.181754 32.966231 37.859376
45.94365 32.581423 39.590623
46.014677 33.146875 39.15439
46.012401 34.090078 37.957038
46.018527 32.608133 39.448791
45.96851 34.212721 38.515178
46.039064 33.359177 38.679212
45.97653 33.201609 39.083694
46.039064 33.359177 38.679212
46.181754 32.966231 37.859376
46.092463 34.030234 38.31028
46.092463 34.030234 38.31028
45.396462 34.343189 39.84924
45.941847 34.943622 37.793004
45.037824 34.973015 40.523179
