-41.339715 -39.539061 -39.523936
-41.526684 -39.362793 -37.822909
-44.169015 -30.964579 -43.539139
-39.079776 -37.865369 -42.601206
-45.191061 -34.630181 -41.490235
-41.556546 -33.950581 -45.896761
-39.536137 -38.545664 -42.053041
-41.979585 -38.993026 -38.157003
-40.133426 -39.319283 -40.498727
-41.539425 -39.253464 -38.576466
-42.539412 -37.970521 -38.998897
-44.973253 -34.775079 -41.648433
-41.102558 -34.181095 -45.712041
-40.518667 -38.338387 -41.318669
-43.318372 -33.559187 -43.831603
-43.574656 -31.743255 -44.645736
-44.430923 -35.936878 -42.727926
-44.027309 -31.257860 -43.849380
-44.534117 -35.758831 -39.667829
-39.721299 -38.277725 -42.450648
-43.979484 -36.489957 -39.327975
-41.000995 -37.813817 -42.985063
-43.929065 -33.119102 -43.585537
-41.792616 -39.169294 -39.858030
-44.014863 -36.756293 -38.835555
-43.271998 -37.377381 -40.212045
-44.797259 -35.106855 -41.753556
-44.182451 -31.774653 -43.514547
-42.373387 -38.516352 -37.893682
-44.746028 -34.524649 -42.878626
-43.534622 -32.996738 -44.825189
-44.579451 -35.251753 -41.911754
-40.727118 -35.556558 -45.409079
-43.823108 -32.885081 -43.867586
-41.933703 -33.861147 -45.451527
-45.073467 -34.997794 -41.365084
-41.094485 -37.213941 -43.282250
-43.342619 -32.251116 -44.915064
-42.443707 -38.431021 -40.333619
-43.463436 -34.374533 -43.320353
-39.944951 -37.353281 -44.224125
-42.186418 -38.692620 -39.594709
-43.815472 -32.613237 -44.011590
-42.080439 -36.880662 -43.427298
-43.726483 -37.315568 -40.553361
-40.601621 -39.302882 -41.037875
-44.070866 -36.081334 -40.888731
-43.171613 -34.036857 -44.146240
-41.414980 -34.878927 -45.172958
-44.153303 -36.327091 -40.007578
-42.873309 -32.072171 -45.213304
-42.720015 -35.848028 -43.678549
-42.249439 -33.660004 -45.300196
-43.204737 -32.387298 -45.187803
-40.834748 -38.006631 -42.327228
-43.372385 -37.183606 -41.108774
-43.774191 -31.134258 -44.314741
-41.866095 -35.021001 -45.075442
-42.620333 -36.934018 -42.690651
-41.710933 -38.316307 -41.203890
-42.125148 -37.478969 -42.379081
-42.925366 -36.640502 -42.265348
-41.514694 -38.847704 -40.421851
-43.079451 -33.757847 -44.426931
-43.837337 -32.522118 -43.756456
-44.889413 -35.375233 -41.312996
-41.306559 -38.935821 -40.689318
-41.228470 -36.147637 -44.975722
-42.352443 -38.146789 -40.699924
-40.800742 -36.276335 -44.703394
-41.678552 -38.885047 -39.970048
-41.432462 -36.033881 -44.574381
-42.801531 -37.781426 -42.214492
-42.230753 -37.105929 -42.740109
-40.912811 -39.068039 -40.729586
-44.671605 -35.520131 -41.471194
-41.967894 -38.567258 -40.757586
-43.891639 -36.186144 -41.941048
-39.888618 -36.730053 -44.294893
-41.604718 -34.315595 -45.406992
-43.827090 -31.856992 -44.180416
-42.619838 -33.888689 -44.541211
-42.269443 -35.398583 -44.324504
-43.943958 -36.621408 -39.380434
-41.123181 -38.225515 -42.049214
-43.016751 -35.296217 -43.400385
-42.832625 -37.958748 -40.941508
-41.841838 -37.646538 -42.774735
-42.681645 -33.790304 -44.746915
-43.095720 -37.243083 -41.425882
-44.819590 -35.474726 -40.447971
-42.177434 -36.349593 -43.732704
-42.812738 -34.297188 -44.003473
-41.207207 -37.308277 -42.841030
-43.594731 -33.786741 -43.370019
-43.929527 -32.034211 -44.073472
-39.826094 -38.237955 -41.934066
-40.941347 -39.377820 -40.349842
-40.547144 -37.478050 -43.620881
-40.953652 -36.560539 -44.095018
