39.113115 31.400626 46.732091
39.089472 31.35322 46.749637
40.222723 32.588998 46.635873
39.064023 32.055732 46.712393
40.158926 33.583862 46.311905
39.103565 32.121741 46.674409
39.127208 32.169147 46.656863
40.222723 32.588998 46.635873
40.749423 33.211175 46.323818
39.958455 34.037338 46.183971
40.197274 33.29151 46.598629
40.197274 33.29151 46.598629
39.869356 33.906866 46.377884
39.982811 33.557314 46.40198
40.245476 34.655904 45.958792
39.956762 35.193058 45.79349
39.649509 34.459588 46.158207
39.869356 33.906866 46.377884
40.073952 34.248098 46.149561
40.030002 33.941417 46.358544
39.106014 35.215098 45.397827
40.348932 35.296477 44.926103
40.199367 36.537847 44.544439
40.987859 36.95546 43.575224
40.331657 37.245948 43.804287
40.052635 36.53424 44.590495
41.259399 37.950592 42.845398
39.632937 36.155658 44.667764
39.896486 37.247772 43.284832
40.871516 38.312914 42.27047
40.534356 38.596442 42.248472
40.871516 38.312914 42.27047
39.594187 37.821704 42.847664
40.838899 38.891653 42.111609
40.323042 38.48688 42.250253
40.22396 38.888443 42.116043
39.396058 39.175095 41.750985
40.838899 38.891653 42.111609
39.72672 39.271592 41.380034
40.590045 39.100425 41.988805
39.814566 39.608846 41.117891
39.396058 39.175095 41.750985
40.697188 39.026577 41.469226
40.943666 39.349376 41.32159
39.814566 39.608846 41.117891
39.911286 39.271856 41.35423
39.911286 39.271856 41.35423
40.016053 39.729579 40.564211
40.357112 39.144484 41.707367
40.016053 39.729579 40.564211
40.238129 39.914239 40.035859
40.016053 39.729579 40.564211
40.238129 39.914239 40.035859
40.624774 39.765236 40.124416
40.014755 40.279675 39.087792
40.80276 40.460401 38.620161
40.274198 40.306649 38.920156
40.80276 40.460401 38.620161
39.26734 40.542041 36.632068
38.919032 40.529722 37.38817
40.274198 40.306649 38.920156
39.935453 40.511119 37.630997
40.80276 40.460401 38.620161
39.26734 40.542041 36.632068
39.935453 40.511119 37.630997
39.26734 40.542041 36.632068
40.018623 40.464161 37.635864
40.030002 33.941417 46.358544
40.197274 33.29151 46.598629
40.513132 32.472979 46.656056
40.197274 33.29151 46.598629
40.275622 33.311732 46.501548
40.437877 33.323369 46.493699
40.109959 33.938725 46.272954
39.869356 33.906866 46.377884
40.210344 34.078845 46.053085
40.030002 33.941417 46.358544
40.13745 35.00668 46.019567
40.554725 36.314991 44.529533
40.542545 35.603179 44.783827
40.036013 35.559132 45.24214
40.192519 35.596897 44.975341
40.82035 37.239752 43.714131
39.896486 37.247772 43.284832
40.470324 37.23347 43.905645
40.872964 37.787105 42.971102
40.199367 36.537847 44.544439
40.871516 38.312914 42.27047
41.154924 38.160671 42.4602
40.817764 38.444199 42.438202
41.154924 38.160671 42.4602
41.045767 38.299302 42.066629
40.948698 38.704911 41.412067
40.893374 38.46883 42.053848
40.569242 39.267791 41.393905
40.838899 38.891653 42.111609
40.943666 39.349376 41.32159
40.911085 39.043314 41.459586
40.14682 39.472761 41.033698
40.74949 39.231663 41.39576
40.599745 39.646983 40.249179
41.126934 39.899736 39.819367
40.413464 39.871113 39.862685
40.696357 39.504242 40.756558
41.159889 39.982879 39.373119
40.016053 39.729579 40.564211
41.298537 39.640332 40.749326
40.468978 39.903801 39.779692
40.682654 39.94879 39.675782
40.445801 40.047245 39.850115
40.274198 40.306649 38.920156
40.445801 40.047245 39.850115
40.974363 40.200997 39.55012
40.274198 40.306649 38.920156
41.511546 39.945411 38.906789
41.274475 32.885173 46.125705
40.552674 32.538988 46.618072
40.806496 32.961123 46.505044
40.885881 32.142873 46.381821
40.562689 34.401225 45.957783
40.905968 33.953979 46.26796
40.641998 34.364594 45.479078
40.210344 34.078845 46.053085
40.270605 33.973276 46.253614
40.56602 34.483841 45.501554
40.829387 35.225935 44.787793
41.301876 34.877254 45.360948
40.641998 34.364594 45.479078
41.173134 35.657828 44.10722
41.40881 35.937471 44.024732
40.384642 35.240215 45.076435
40.801741 35.26651 44.881756
40.384642 35.240215 45.076435
41.418511 35.615741 44.693243
41.044513 36.646523 43.591675
40.733564 36.555931 43.8487
41.297204 36.767895 42.986038
41.13664 35.959405 44.423076
40.758019 36.317666 44.384075
41.607302 37.298994 42.602042
41.379087 37.567442 42.337744
41.714623 36.944624 42.919881
41.296682 37.809886 42.371795
41.672688 38.548296 41.472938
41.967046 37.504063 42.485069
41.317817 38.25734 42.045202
41.873287 38.058238 42.119349
41.94475 38.501437 41.357355
41.772401 38.881276 40.683497
41.04816 38.633478 41.327498
41.331154 39.061593 40.908187
42.028479 38.640778 41.097716
41.756417 38.687637 41.213299
41.834065 39.004296 40.536437
41.94475 38.501437 41.357355
41.834065 39.004296 40.536437
41.778864 39.094438 40.516547
42.028479 38.640778 41.097716
42.202149 39.198942 39.969401
40.953725 39.700993 39.874368
41.51415 39.61183 40.387924
41.834065 39.004296 40.536437
41.298537 39.640332 40.749326
41.748449 39.438385 39.767503
41.298537 39.640332 40.749326
41.386995 39.833721 39.218053
41.544373 40.005656 38.35033
41.511546 39.945411 38.906789
41.752095 39.839433 38.953792
41.511546 39.945411 38.906789
41.544373 40.005656 38.35033
41.038007 39.903799 39.430788
41.063076 40.045457 37.8914
41.361885 40.023194 37.447105
41.511546 39.945411 38.906789
41.275084 33.373828 46.119231
41.35386 32.066923 46.002482
41.274475 32.885173 46.125705
40.885881 32.142873 46.381821
41.268621 33.160666 46.286181
41.810959 33.978119 45.737773
41.008028 33.172136 46.214061
42.161104 33.839707 45.076454
41.268621 33.160666 46.286181
41.670992 34.297103 45.212219
41.644181 34.077555 45.649063
41.171911 34.070838 45.864198
40.911318 34.082308 45.792078
41.636841 34.988564 44.36466
40.42591 34.864692 45.451532
42.297334 34.418724 43.895794
42.142001 35.544451 44.132324
42.879047 36.000504 43.084903
42.247682 35.12581 44.290475
41.343048 35.807667 44.048571
41.707766 35.41885 44.215468
42.567491 36.55412 43.663904
42.647159 36.422357 42.955499
42.643333 36.516333 43.023121
42.201698 37.00994 42.615925
42.490032 36.879438 42.719142
42.70241 37.276848 42.113142
41.219924 38.390708 41.865156
41.674881 37.097883 42.675459
42.512071 38.011883 41.837826
42.114146 37.459231 42.022467
42.094617 38.363333 41.847098
42.025266 38.469068 41.523089
41.827668 37.741273 42.248638
42.16608 38.806532 41.085104
42.16608 38.806532 41.085104
41.94475 38.501437 41.357355
42.028479 38.640778 41.097716
42.055395 39.309391 40.264186
42.202149 39.198942 39.969401
41.603216 39.014734 40.792604
42.055395 39.309391 40.264186
42.300479 39.019386 39.245495
42.71082 38.459588 39.611338
42.206318 39.463559 39.645692
42.253746 39.204907 38.624966
41.860615 39.712239 39.40465
41.860615 39.712239 39.40465
41.860615 39.712239 39.40465
42.451849 38.941561 38.655709
42.268904 39.332757 38.007816
42.892823 38.75892 38.15973
41.759073 39.716632 38.543406
41.955215 39.58515 37.675941
41.898762 39.657505 39.475346
41.898762 39.657505 39.475346
41.35386 32.066923 46.002482
42.177768 31.793631 45.582866
42.177768 31.793631 45.582866
42.138226 31.727622 45.62085
42.118558 33.26935 45.869424
42.082756 33.819485 45.173535
41.560547 31.859884 46.176996
42.632584 32.921708 45.440663
43.002463 33.463007 44.530792
41.881392 33.496138 45.265945
42.178555 33.736299 44.950408
42.750544 33.649198 45.167008
42.257814 32.929535 45.498437
42.651347 35.896069 43.827268
43.004767 34.237742 44.086783
42.78579 35.091406 43.536491
42.168161 34.547011 44.816042
43.235317 35.567059 43.417108
42.806923 36.272414 43.092528
42.683313 35.14621 43.7262
43.131544 34.705294 43.453614
43.719185 35.54939 42.757624
43.075132 34.912708 43.568691
42.998204 36.807289 42.450857
43.27914 36.829421 41.860334
42.927418 35.988344 43.075864
43.520033 36.711677 42.276586
43.242254 36.424939 42.303018
42.891123 38.160682 41.68203
43.27914 36.829421 41.860334
42.70241 37.276848 42.113142
42.714796 36.959532 42.261127
43.0582 36.802378 42.25093
43.393649 36.840071 41.329949
42.961977 38.115226 40.92651
42.595219 38.635543 40.377482
43.028601 37.937857 40.816799
42.595219 38.635543 40.377482
43.280597 37.768221 40.25901
43.302725 37.882038 39.854085
42.16608 38.806532 41.085104
42.165471 38.317877 41.091578
42.961977 38.115226 40.92651
42.595219 38.635543 40.377482
42.448551 38.573572 40.975943
42.16608 38.806532 41.085104
42.540013 38.488472 40.499701
42.595219 38.635543 40.377482
42.451849 38.941561 38.655709
43.302725 37.882038 39.854085
42.648534 38.280063 39.702438
43.330127 37.811397 39.599537
42.372204 38.870558 40.4865
42.851921 38.498198 39.026627
42.451849 38.941561 38.655709
43.330127 37.811397 39.599537
42.326961 39.110383 38.180069
42.390355 33.110716 45.305186
43.669146 33.777158 44.15459
42.761748 33.502034 44.53065
42.747503 34.373141 44.107115
43.987242 34.774612 42.927259
43.176424 34.126154 43.521523
42.864138 35.111628 43.43941
43.490673 35.512113 43.389329
43.720114 35.34562 42.83385
43.389507 35.549494 42.679244
43.948436 34.820399 42.986356
43.520033 36.711677 42.276586
43.87937 36.203741 42.606041
43.760955 36.538942 41.259165
43.454407 37.225989 40.767263
43.387569 37.231717 40.619921
43.218385 37.456729 42.099347
43.899299 36.554253 40.962157
43.257066 37.241481 41.382412
43.507236 36.71633 41.401827
43.387569 37.231717 40.619921
43.301124 37.271198 40.833459
43.918449 37.239768 39.199867
43.674926 37.215099 41.137177
43.059643 38.331975 39.630089
43.142479 37.553855 40.266275
43.410836 37.875777 38.962671
43.410836 37.875777 38.962671
43.206844 37.989533 39.364012
43.206844 37.989533 39.364012
42.894771 38.547567 37.985983
43.206844 37.989533 39.364012
43.084752 32.677836 44.401622
43.400029 34.099475 43.69084
43.643438 34.163775 43.441576
43.948436 34.820399 42.986356
43.935023 34.525342 43.272094
44.136484 34.784309 42.712468
43.60255 34.810903 43.425329
44.285885 34.337947 42.688441
43.87937 36.203741 42.606041
44.852246 34.853988 40.694215
44.194546 35.392288 42.183332
43.593598 34.952791 42.966108
44.117553 35.710631 41.931718
43.926542 35.698257 41.954696
43.758216 36.218567 41.602263
43.758216 36.218567 41.602263
43.820951 36.534031 41.059238
43.776485 37.114096 40.259167
43.885716 36.676077 40.549825
43.674995 37.580208 39.954019
43.82572 36.680988 40.749752
43.140718 37.478382 40.435388
43.265557 36.951245 41.448002
43.885716 36.676077 40.549825
43.800872 37.326398 39.783989
43.694696 36.780256 40.74038
43.82572 36.680988 40.749752
43.749373 36.977974 40.260309
43.666248 37.623612 40.25781
44.085332 36.791752 40.255276
43.924155 37.148262 40.019514
44.004864 37.212642 39.382648
43.885716 36.676077 40.549825
44.006984 36.77153 40.352357
44.060945 36.57945 40.730454
43.839019 37.271664 39.854685
43.549215 37.256914 40.388218
43.749373 36.977974 40.260309
43.524072 37.42604 40.572513
43.410836 37.875777 38.962671
43.800872 37.326398 39.783989
43.762672 37.56865 39.365242
43.448983 37.821043 39.033367
43.206844 37.989533 39.364012
43.093366 38.079903 40.307386
43.724525 37.623384 39.294546
43.079105 38.5278 38.5939
43.27738 38.080447 38.103408
43.504697 37.644291 38.287311
43.410836 37.875777 38.962671
43.620513 37.696917 37.903298
43.448983 37.821043 39.033367
43.206844 37.989533 39.364012
43.410836 37.875777 38.962671
44.349911 33.245318 42.974432
43.675221 33.453098 43.789861
44.811995 35.042911 41.167718
44.551581 34.991588 42.133206
44.710175 34.447651 41.41427
44.501251 34.57903 42.603766
43.82572 36.680988 40.749752
44.45496 35.443611 41.217844
44.214528 35.19251 41.556507
44.606169 35.497205 40.923203
44.452114 36.312884 40.579567
44.371846 35.978348 40.874872
44.42285 35.109098 41.683788
43.899299 36.554253 40.962157
43.829554 36.846172 40.47632
44.525178 36.057663 40.77338
44.336191 35.84491 41.161541
44.275436 36.472218 41.400554
43.694696 36.780256 40.74038
44.782754 36.283615 40.012164
44.452114 36.312884 40.579567
44.289324 36.677996 39.853935
44.008985 37.088738 39.765833
44.371198 36.727117 38.887378
44.217015 36.85287 38.86512
44.704406 36.263393 40.109245
44.210392 36.911999 38.751794
44.157907 36.925698 39.733863
44.210392 36.911999 38.751794
44.372732 36.71163 38.983572
44.343453 36.824833 39.729834
44.250676 36.913591 38.615627
44.004864 37.212642 39.382648
44.112062 37.091555 39.4757
43.119648 38.028095 38.817107
43.800872 37.326398 39.783989
43.724525 37.623384 39.294546
43.220563 38.256476 38.597041
43.509166 37.696221 38.238765
44.225009 37.110874 38.143926
43.724525 37.623384 39.294546
43.509166 37.696221 38.238765
43.547313 37.641487 38.309461
43.713926 37.874814 37.685492
43.35761 38.096116 37.384756
45.280878 33.40031 41.702359
45.202726 33.090992 41.72703
44.80869 34.143783 41.322139
44.983571 34.610029 40.949741
45.402787 34.02441 40.580677
45.153532 34.021153 42.372804
45.06721 34.046951 41.364144
44.560031 34.112782 41.876728
44.893419 34.454022 41.03066
45.153532 34.021153 42.372804
44.575764 34.261102 41.795963
45.248178 34.996525 39.783182
44.628751 35.03654 41.551328
44.722297 35.739103 40.09184
44.989428 35.16471 40.203119
45.139341 35.876258 39.142477
44.92888 35.65831 39.424569
44.722297 35.739103 40.09184
44.475253 36.138761 40.239931
44.986866 36.208487 38.681914
44.197381 36.879139 38.764399
44.372732 36.71163 38.983572
44.742116 36.29962 38.988644
44.287088 36.922041 38.613566
44.210392 36.911999 38.751794
43.904913 37.567872 39.004702
44.433732 36.884685 38.482896
44.004864 37.212642 39.382648
43.547313 37.641487 38.309461
43.323192 37.907682 37.596205
43.318893 38.07692 37.873135
45.3784 33.812108 41.055855
45.71947 33.005133 40.317412
45.570249 33.479377 41.347973
45.06721 34.046951 41.364144
45.217997 34.443954 40.966662
45.366776 32.774663 41.717002
45.423722 34.085717 40.50053
45.658049 33.482281 40.073814
45.302192 34.254155 41.178338
45.205775 35.648966 40.125041
45.163795 34.789134 40.458287
45.15875 34.705709 40.585149
45.04559 34.994615 40.276624
45.600509 35.186875 39.32605
45.307939 35.634594 39.127703
45.429462 34.827811 39.834442
44.665123 36.617963 38.73703
44.595029 36.751445 38.086089
45.025013 36.153753 38.75261
44.504259 36.639951 39.865418
44.161183 37.48125 39.1407
44.477946 36.770773 38.486576
44.547445 36.711077 39.328493
44.845298 36.365835 38.251792
44.197607 37.181515 38.398474
44.365436 36.942263 38.516485
44.716827 36.710804 37.189472
44.701838 36.697848 38.319975
44.006306 37.747252 37.492239
45.672878 33.385522 41.239122
45.548925 33.568009 41.44402
45.760119 33.958579 39.845072
45.757617 32.950399 40.388108
45.416871 34.73879 40.059707
45.440324 34.532524 39.477633
45.71947 33.005133 40.317412
45.567973 34.42258 40.150621
45.621722 34.493558 39.125021
45.376124 34.755311 39.858503
45.538492 35.232753 39.232832
45.809664 34.247433 39.000415
45.3816 35.746396 37.882923
45.434544 35.773249 37.667126
45.356196 35.753027 37.764207
44.845298 36.365835 38.251792
44.799587 36.242165 38.823017
44.655025 36.746534 37.886162
45.112903 36.301857 37.330685
44.701838 36.697848 38.319975
44.386051 37.272205 37.823751
44.433732 36.884685 38.482896
44.942179 36.248986 38.529502
44.845298 36.365835 38.251792
45.762169 32.321519 40.788218
45.71947 33.005133 40.317412
45.980052 33.713763 38.94326
45.927816 32.724295 39.806476
45.707285 32.674934 40.814654
45.973363 32.712089 39.18927
45.681718 34.488647 38.925094
45.809664 34.247433 39.000415
45.319015 35.746989 37.899053
45.394397 35.741743 38.757682
45.112903 36.301857 37.330685
45.434544 35.773249 37.667126
44.942179 36.248986 38.529502
44.799587 36.242165 38.823017
45.130227 36.212896 38.255614
45.112903 36.301857 37.330685
44.995763 36.588694 38.169627
44.76695 36.345613 38.348873
44.683922 36.476787 38.675283
44.593354 37.059486 38.097673
45.724606 33.497467 39.920377
45.600653 33.679954 40.125275
45.794347 33.031843 40.17558
45.802372 33.973689 39.188119
45.906492 32.812927 39.902523
45.980052 33.713763 38.94326
45.881649 33.790141 39.167264
45.621722 34.493558 39.125021
45.783258 33.784456 39.505436
45.688469 34.591629 38.855797
45.688469 34.591629 38.855797
45.738203 34.572917 38.535617
45.060023 36.140936 39.349568
45.777603 34.730404 38.127879
45.147997 35.951059 38.081233
45.663795 35.044258 37.895858
45.663355 34.997473 38.78857
45.434544 35.773249 37.667126
45.587587 35.486305 38.018341
45.264006 36.114009 37.757772
45.3816 35.746396 37.882923
45.152902 35.750352 37.909665
45.93867 33.523251 39.289885
45.973363 32.712089 39.18927
45.907211 33.601969 39.300538
45.875033 32.891645 39.913176
45.856099 33.89625 39.148158
45.875204 34.202036 38.998418
45.897874 33.529862 39.440373
45.881649 33.790141 39.167264
46.017397 34.31109 37.927635
45.728153 34.137464 39.072837
45.640656 35.218381 38.235494
45.749998 35.276353 37.500886
45.738014 34.880483 38.01114
45.738014 34.880483 38.01114
45.773921 33.712349 39.645271
45.965076 33.986228 38.784864
45.96851 34.212721 38.515178
45.990991 33.848113 38.432656
45.829436 34.627151 38.425984
45.848798 33.739059 39.503439
45.941847 34.943622 37.793004
45.979597 34.52904 37.983078
45.979597 34.52904 37.983078
46.155091 33.697132 37.137202
45.663795 35.044258 37.895858
45.576696 35.733285 38.266323
45.749998 35.276353 37.500886
45.651204 35.355607 37.136465
46.080177 33.324286 38.516905
45.990991 33.848113 38.432656
46.060285 33.31991 38.922918
46.069793 34.702408 37.868325
46.011209 33.529107 38.985984
46.155091 33.697132 37.137202
45.77361 34.789131 37.84766
46.102203 33.774955 37.474201
45.77361 34.789131 37.84766
45.973363 32.712089 39.18927
45.897874 33.529862 39.440373
45.848798 33.739059 39.503439
46.029144 33.748962 38.340665
46.04406 33.580189 38.649809
46.068448 33.418252 38.424886
46.114944 33.665626 38.227758
45.900614 34.362965 38.018162
46.142008 34.319088 37.465623
46.142008 34.319088 37.465623
45.814119 33.411561 39.601149
46.089772 33.32962 38.328839
46.114944 33.665626 38.227758
46.181754 32.966231 37.859376
46.155091 33.697132 37.137202
46.068448 33.418252 38.424886
45.991582 33.723661 38.352211
46.092463 34.030234 38.31028
46.181754 32.966231 37.859376
46.092463 34.030234 38.31028
46.155091 33.697132 37.137202
45.979597 34.52904 37.983078
46.101081 33.313299 38.77243
46.155091 33.697132 37.137202
45.979597 34.52904 37.983078
46.101081 33.313299 38.77243
46.060285 33.31991 38.922918
46.039064 33.359177 38.679212
46.029144 33.748962 38.340665
46.118339 33.312722 38.614343
46.181754 32.966231 37.859376
46.101081 33.313299 38.77243
45.988014 33.877776 38.432216
46.092463 34.030234 38.31028
46.012401 34.090078 37.957038
46.040227 33.040766 39.173496
46.018527 32.608133 39.448791
46.181754 32.966231 37.859376
46.118339 33.312722 38.614343
45.96851 34.212721 38.515178
46.074418 34.0442 38.050256
46.007216 33.587834 38.705765
45.725291 34.860864 38.490454
45.365471 34.546465 40.094603
45.039062 35.129477 40.548022
44.559055 35.629058 40.615903
45.352148 34.487157 40.646704
45.645554 34.46306 39.192283
44.086944 35.391006 42.571415
45.096492 34.501062 40.87839
43.42172 36.82385 41.179156
