-43.407523 -35.474898 -43.635243
-41.953273 -37.361844 -43.513779
-43.673039 -36.737012 -41.365114
-44.077205 -36.280516 -41.493067
-41.198910 -36.926374 -44.485241
-42.317057 -36.195115 -44.656614
-44.632839 -36.190777 -40.738685
-43.232519 -37.518265 -41.756441
-45.015181 -36.164797 -39.663516
-43.576727 -37.889011 -39.432361
-43.017160 -38.377574 -39.387937
-43.993811 -37.317233 -39.270631
-41.692178 -36.682351 -44.633028
-42.460078 -38.493749 -40.774049
-43.738380 -38.074397 -38.280092
-43.875896 -35.616388 -42.485831
-41.473414 -38.416926 -42.233225
-42.353896 -36.984048 -43.641309
-42.487849 -37.885444 -41.704198
-43.334721 -34.804348 -44.402717
-43.007939 -38.019558 -40.811082
-43.684619 -36.368602 -42.536179
-42.870488 -35.326135 -44.359791
-44.142102 -36.818170 -40.627558
-44.549953 -34.844744 -42.287480
-42.743146 -38.692671 -38.858661
-42.833227 -36.210697 -43.911536
-44.999197 -35.137081 -41.290018
-42.686100 -38.915218 -40.123584
-41.326885 -35.343624 -45.187122
-41.812815 -38.427550 -41.736418
-42.494135 -39.206675 -38.348326
-44.726274 -36.800520 -40.239834
-45.027922 -36.055468 -40.417073
-44.132182 -37.597723 -38.016771
-41.172247 -37.657275 -43.763067
-43.761743 -34.210794 -43.764119
-43.655804 -37.622769 -41.209295
-43.082582 -36.867934 -43.003204
-44.669347 -35.642320 -41.338313
-41.890737 -39.446010 -39.494547
-42.052324 -39.022247 -40.612285
-41.498024 -38.900458 -40.982482
-42.724316 -37.229808 -42.556342
-41.934730 -39.389860 -40.487134
-44.610184 -36.930259 -37.129296
