-38.930426 -38.359312 -42.424643
-41.209254 -33.803346 -46.033809
-44.393294 -35.942310 -40.354387
-39.963672 -40.248620 -39.154045
-42.808653 -32.696380 -44.996992
-41.999298 -39.736038 -36.526164
-39.640371 -38.754399 -42.179796
-42.386853 -32.955034 -45.556531
-41.649526 -34.424221 -45.722998
-42.282386 -33.523318 -44.918927
-40.567981 -36.084764 -44.830467
-41.577498 -39.994692 -37.085703
-42.590845 -32.841278 -45.155190
-40.375134 -35.106395 -44.872832
-43.237383 -37.736312 -39.829046
-43.948554 -37.556725 -38.915121
-42.494533 -33.942097 -44.545979
-40.934709 -40.136104 -38.268661
-40.168505 -39.906310 -39.027029
-43.994240 -36.918053 -40.541769
-42.745244 -34.096301 -44.104809
-42.572518 -38.992981 -37.294203
-41.856846 -37.127783 -43.139911
-43.184177 -37.498014 -40.977665
-40.275516 -38.301436 -42.545498
-42.847351 -36.804949 -41.988007
-41.901198 -39.811389 -37.512959
-40.781003 -39.438575 -40.687516
-42.801878 -38.782554 -36.710178
-40.864153 -34.788201 -45.473990
-41.420909 -36.303871 -43.668666
-42.624938 -38.869885 -37.437012
-42.190578 -39.051148 -37.992843
-44.179315 -34.934060 -41.939761
-42.836277 -35.669366 -43.307494
-39.786474 -38.242958 -42.960846
-39.873907 -39.224663 -41.110569
-43.685020 -35.804087 -42.866169
-42.011791 -35.486982 -44.448278
-43.757515 -35.192714 -42.499300
-40.005859 -38.677574 -41.827794
-40.094439 -39.991802 -39.623532
-43.457235 -37.041906 -41.441566
-41.070374 -39.517642 -40.333130
-43.281110 -33.588972 -43.532179
-41.490250 -36.015291 -43.995871
-41.600178 -35.066165 -45.344332
-42.679272 -36.650521 -42.303856
-42.077638 -35.274199 -43.787373
-39.713275 -37.399167 -43.375177
-44.306890 -35.775886 -40.736347
-41.812882 -39.133081 -39.423749
-41.008357 -39.563520 -40.239912
-41.163124 -38.360665 -42.138113
-42.256836 -36.155473 -43.599534
-41.368635 -37.799838 -43.040585
-41.300627 -39.650739 -39.515817
-41.973848 -38.544895 -40.825487
-43.641789 -35.909274 -41.277393
-40.704226 -40.107212 -38.823085
-42.362908 -34.771346 -44.228109
-39.695118 -36.556522 -44.379510
-43.119998 -38.066602 -38.544286
-44.058040 -35.377922 -41.657862
-43.325930 -36.485940 -42.233755
-41.760126 -39.330694 -38.207413
-42.134131 -38.417849 -41.221507
-42.229072 -39.596444 -37.865977
-41.632985 -34.683027 -44.692921
-43.583937 -36.392960 -42.781754
-42.562619 -34.595093 -43.923128
-42.180775 -33.650728 -45.375543
-43.386356 -37.288479 -41.666938
-42.931280 -34.259891 -43.759937
-43.122660 -38.034219 -36.606746
-43.019686 -38.637656 -36.551980
-42.292462 -34.286933 -44.754241
-41.701706 -34.917736 -44.599699
-43.550935 -36.977697 -41.526693
-42.341878 -34.165979 -44.602131
-42.983089 -38.222554 -38.631799
-43.093627 -37.929390 -39.663935
-44.086479 -36.695773 -40.157799
-40.806568 -36.718639 -43.916974
-42.750436 -37.765409 -40.026540
-41.534517 -38.751983 -41.363577
-42.798690 -38.491097 -37.755862
-43.838878 -35.572839 -41.716351
-43.862150 -37.390301 -39.297081
-43.495392 -37.910618 -38.748053
-40.698981 -39.126324 -41.107666
-43.117008 -36.428811 -42.705711
-43.807956 -37.205887 -40.806388
-41.332122 -39.665148 -38.184300
-40.220621 -40.200470 -38.745657
-42.494568 -38.835973 -37.630934
-44.260678 -35.314185 -41.156812
-42.948748 -33.767019 -43.943314
-44.212103 -36.591896 -40.118293
-42.771617 -37.334164 -41.573661
