-43.705210 -31.243472 -43.942491
-40.057067 -36.802773 -44.660984
-41.966247 -33.212228 -45.328263
-45.113762 -34.105785 -40.272442
-40.552216 -40.033066 -38.817029
-41.150294 -39.908710 -37.043653
-43.324991 -31.598322 -44.618144
-43.325291 -32.195319 -44.504529
-41.664737 -39.455714 -37.387372
-44.750188 -36.306890 -39.336615
-41.291252 -39.599175 -37.768917
-44.867776 -34.967018 -41.535115
-43.879062 -37.151697 -39.031463
-41.374393 -35.486287 -45.169720
-42.439753 -38.936494 -38.304537
-44.555805 -34.292572 -42.393436
-40.716748 -38.851527 -41.817562
-41.448499 -37.896457 -42.197880
-41.056091 -39.294352 -40.468827
-43.428522 -35.254168 -43.270432
-45.018392 -34.053630 -42.052391
-42.915303 -38.115625 -39.505110
-42.222806 -39.162281 -37.899689
-42.197692 -34.724340 -44.756578
-43.606060 -32.516445 -44.250736
-41.650412 -39.342339 -38.562906
-42.289839 -38.397542 -40.386807
-44.077468 -33.139828 -43.608535
-44.638525 -35.696009 -41.306383
-42.511345 -38.735476 -39.928454
-40.233897 -37.145949 -43.861789
-41.683914 -35.346085 -44.892801
-41.542135 -38.895110 -41.555859
-44.566891 -32.344238 -42.674875
-42.982515 -37.231826 -41.432074
-40.153777 -35.892601 -45.082967
-43.799456 -33.575527 -43.765902
-40.610763 -38.180397 -42.573401
-42.674700 -37.792990 -40.724296
-44.379014 -34.386797 -42.261456
-44.268561 -36.083593 -42.106428
-42.589564 -38.641964 -38.448717
-43.292674 -32.774058 -44.345668
-42.114183 -36.401365 -43.673186
-42.691843 -38.598033 -38.052337
-41.962258 -34.479616 -44.926375
-40.534952 -39.704633 -40.213332
-42.731808 -36.564663 -42.722321
-42.787654 -35.674584 -44.201196
-44.181389 -37.016742 -38.858840
-42.023660 -39.130220 -39.004244
-44.188763 -33.658723 -43.008853
-41.836200 -37.205692 -42.857258
-40.754400 -39.060418 -41.226970
-40.357877 -37.010325 -43.726307
-44.416529 -33.627333 -43.115282
-41.746278 -38.220999 -41.056535
-43.563442 -33.487470 -44.037296
-40.927256 -36.117361 -44.535905
-41.908696 -38.130496 -42.049417
-43.611464 -37.453110 -39.696918
-40.880023 -36.713558 -43.974180
-40.953517 -35.956792 -44.489627
-40.445959 -38.269878 -42.647954
-44.034516 -36.798859 -40.984840
-44.720896 -35.590659 -39.854128
-43.737720 -37.377003 -40.089688
-42.633007 -32.974551 -45.094620
-44.062346 -37.483834 -38.208047
-40.803676 -37.010544 -43.484737
-41.797057 -37.560259 -42.919828
-41.926778 -39.112730 -40.863441
-42.698370 -35.043880 -44.458741
-43.232790 -33.434734 -44.232407
-43.138438 -35.845175 -43.236612
-44.490562 -36.430096 -40.623212
-42.884364 -34.764412 -44.623179
-40.647618 -36.998286 -44.103409
-45.081162 -34.878953 -40.259809
-41.208553 -39.529371 -40.201954
-44.321175 -36.630946 -41.363399
-43.967619 -34.332880 -43.217119
-43.254169 -33.901775 -44.021677
-43.033684 -37.638956 -40.581114
-42.310741 -37.633336 -41.738155
-43.088699 -33.757979 -44.315838
-43.464268 -37.608190 -39.981423
-41.327350 -37.732890 -43.197334
-43.261111 -32.813906 -44.989470
-42.339822 -38.505210 -40.007817
-42.728920 -36.954374 -43.397716
-40.458605 -40.001619 -39.723889
-41.604568 -37.350227 -43.364343
-42.178288 -38.042686 -40.517847
-41.300431 -39.396465 -39.349118
-44.304566 -32.928472 -43.362064
-41.230025 -35.605094 -44.410197
-43.192992 -38.014584 -39.791249
-43.679785 -33.767933 -43.266650
-42.349370 -38.001666 -40.230150
