-42.768729 -38.588128 -39.544871
-43.684473 -36.095168 -43.333814
-44.040688 -35.254488 -43.196776
-41.708546 -38.573254 -41.470971
-42.966228 -38.747668 -38.735389
-42.842945 -38.925804 -38.499864
-44.678969 -34.505927 -41.532952
-43.323763 -33.272827 -44.543343
-43.893802 -34.172528 -43.624825
-42.872785 -38.212816 -41.147166
-42.276893 -36.799768 -43.776695
-41.397413 -39.708764 -39.351605
-44.130418 -37.065698 -40.133843
-41.169615 -37.045973 -43.795738
-43.204892 -37.721430 -41.046726
-44.850572 -34.246523 -42.462911
-44.065254 -35.906081 -42.134179
-42.223990 -38.617140 -40.856841
-43.785325 -37.140844 -41.119895
-43.222302 -37.986074 -39.190045
-42.676655 -34.507638 -45.075304
-42.380861 -34.977197 -44.737589
-44.375336 -36.465043 -40.643114
-42.796690 -36.895233 -43.192597
-42.311086 -37.418594 -42.916004
-41.588614 -39.173536 -40.338257
-43.516799 -35.340315 -43.688066
-40.941716 -38.897141 -41.629736
-43.349534 -36.678407 -43.123558
-41.452272 -37.682761 -43.602060
-41.290383 -34.923792 -45.142238
-42.187456 -39.292951 -39.353487
-42.845848 -34.927052 -44.156584
-43.873297 -37.594086 -40.161560
-44.555691 -36.154216 -41.703165
-43.105618 -37.874848 -41.917730
-42.595461 -36.087627 -44.187444
-41.033056 -38.082752 -42.712564
-44.056202 -36.728022 -41.178850
-42.375723 -38.060053 -41.809491
-40.353012 -36.980724 -44.245256
-40.988524 -39.595917 -40.016696
-44.334865 -34.265529 -42.784032
-43.436593 -37.214493 -42.037870
-43.760575 -36.531679 -42.090901
-41.902742 -37.891804 -43.053083
