-41.226581 -37.226668 -43.816047
-43.043930 -38.029329 -39.366215
-42.335136 -35.578155 -44.659553
-40.390567 -35.021244 -45.668611
-41.776906 -39.137160 -40.480942
-42.874638 -38.105345 -41.765290
-39.936872 -35.940944 -45.296278
-40.970405 -33.999426 -46.075953
-43.163773 -34.687028 -44.019449
-43.764744 -37.314748 -38.879767
-40.119444 -37.480657 -43.724349
-41.465706 -34.696806 -45.437348
-40.874457 -37.984911 -43.038509
-44.686158 -34.146692 -41.901935
-42.597558 -35.823288 -44.384464
-41.045002 -36.360157 -45.261514
-42.808218 -37.335117 -42.517300
-41.413353 -36.518853 -44.728630
-42.690343 -33.804638 -45.107452
-43.693525 -36.254654 -42.471528
-43.853656 -36.845902 -40.691542
-42.773666 -37.285784 -42.972182
-42.719982 -33.759206 -45.482156
-44.233211 -34.511392 -42.932391
-41.511228 -35.851447 -45.079169
-42.800197 -34.826679 -44.548652
-42.695402 -34.866449 -45.065234
-43.075391 -32.740666 -44.530076
-41.356438 -38.691550 -41.674396
-41.638094 -39.473367 -39.078720
-40.704587 -36.646456 -44.419914
-43.152155 -35.443273 -43.850623
-41.640786 -36.617737 -44.137573
-44.263476 -36.332911 -41.893123
-44.849299 -34.202017 -41.436507
-42.401665 -37.807355 -42.079428
-41.831809 -38.151104 -42.722771
-42.670880 -36.465641 -43.673755
-43.566256 -33.590044 -43.951281
-43.436253 -37.146865 -41.457664
-43.679480 -34.668022 -43.698328
-42.198454 -36.705693 -43.681648
-43.640911 -35.707301 -43.214557
-44.341990 -34.493878 -41.509675
-43.174685 -36.216011 -43.396902
