39.113115 31.400626 46.732091
40.261529 32.543211 46.576776
40.183181 32.522989 46.673857
39.064023 32.055732 46.712393
39.089472 31.35322 46.749637
39.064023 32.055732 46.712393
40.469336 33.244651 46.483046
40.494785 32.542139 46.52029
40.270524 32.545245 46.523665
39.103565 32.121741 46.674409
40.552674 32.538988 46.618072
39.103565 32.121741 46.674409
39.103565 32.121741 46.674409
40.552674 32.538988 46.618072
40.831945 32.258611 46.542288
40.197274 33.29151 46.598629
40.275622 33.311732 46.501548
39.886878 33.583511 46.4662
39.42139 33.843948 46.383357
40.197274 33.29151 46.598629
40.030002 33.941417 46.358544
39.876857 35.01815 45.947447
39.80528 34.564323 46.229676
40.13745 35.00668 46.019567
39.869356 33.906866 46.377884
40.527347 34.31224 46.228959
39.965926 34.598874 46.210336
40.192519 35.596897 44.975341
40.542545 35.603179 44.783827
40.13745 35.00668 46.019567
40.031873 35.562346 44.994681
39.685987 35.55285 45.433654
39.889281 35.555525 45.288196
39.685987 35.55285 45.433654
39.486205 36.152051 44.71382
40.354943 36.914192 43.809699
40.186249 37.873368 43.02842
40.398627 38.270778 42.42242
40.453827 37.613684 42.95532
40.103801 37.607402 43.146834
40.453827 37.613684 42.95532
40.103801 37.607402 43.146834
40.186249 37.873368 43.02842
39.434102 38.159583 42.83711
40.534356 38.596442 42.248472
40.116667 37.897212 42.933322
40.838899 38.891653 42.111609
40.394619 38.940707 41.968024
40.398627 38.270778 42.42242
40.394619 38.940707 41.968024
40.838899 38.891653 42.111609
39.569831 38.485247 42.663162
40.22396 38.888443 42.116043
40.501585 38.096828 42.471604
40.838899 38.891653 42.111609
40.394619 38.940707 41.968024
39.814566 39.608846 41.117891
39.889443 39.635556 40.976059
40.394619 38.940707 41.968024
40.203363 38.786777 42.170298
39.814566 39.608846 41.117891
40.943666 39.349376 41.32159
39.889443 39.635556 40.976059
40.943666 39.349376 41.32159
39.911286 39.271856 41.35423
39.814566 39.608846 41.117891
40.187794 40.140225 39.302116
40.682654 39.94879 39.675782
40.016053 39.729579 40.564211
40.274198 40.306649 38.920156
40.468978 39.903801 39.779692
40.652401 39.988575 39.39574
40.016053 39.729579 40.564211
40.014755 40.279675 39.087792
40.014755 40.279675 39.087792
39.759869 40.51775 36.540619
40.274198 40.306649 38.920156
39.935453 40.511119 37.630997
40.018623 40.464161 37.635864
39.935453 40.511119 37.630997
40.80276 40.460401 38.620161
39.26734 40.542041 36.632068
40.513132 32.472979 46.656056
40.23608 33.245723 46.539532
40.23608 33.245723 46.539532
40.197274 33.29151 46.598629
40.552674 32.538988 46.618072
40.109959 33.938725 46.272954
40.197274 33.29151 46.598629
40.030002 33.941417 46.358544
40.745322 33.919428 46.2873
40.030002 33.941417 46.358544
40.377616 33.428938 46.29317
40.036013 35.559132 45.24214
41.083735 35.687682 44.202317
40.446383 35.489366 44.896662
40.279178 34.861085 45.497588
40.546224 37.449067 43.168028
41.175708 37.016896 43.699225
40.681683 37.25223 43.612773
40.599274 36.846259 43.933918
39.857598 36.543369 43.939284
40.052635 36.53424 44.590495
40.761626 38.453624 42.119421
40.112097 37.480936 43.702501
40.871516 38.312914 42.27047
41.045767 38.299302 42.066629
41.154924 38.160671 42.4602
40.871516 38.312914 42.27047
40.394619 38.940707 41.968024
41.154924 38.160671 42.4602
41.365716 38.80371 42.052075
40.042053 39.015038 41.823717
40.22396 38.888443 42.116043
40.893374 38.46883 42.053848
41.600811 38.685455 41.625891
40.042053 39.015038 41.823717
40.569242 39.267791 41.393905
41.298537 39.640332 40.749326
40.569242 39.267791 41.393905
41.19377 39.182609 41.539345
40.016053 39.729579 40.564211
40.14682 39.472761 41.033698
41.019712 39.476834 40.844928
41.19996 39.440706 40.846783
41.126934 39.899736 39.819367
40.312345 40.251915 38.990852
40.445801 40.047245 39.850115
40.445801 40.047245 39.850115
40.016053 39.729579 40.564211
40.445801 40.047245 39.850115
40.650791 40.191705 38.862231
40.650791 40.191705 38.862231
41.159889 39.982879 39.373119
40.274198 40.306649 38.920156
40.619901 40.057969 39.161198
40.806496 32.961123 46.505044
41.268621 33.160666 46.286181
40.884844 32.981345 46.407963
40.884844 32.981345 46.407963
40.846339 32.076864 46.419805
41.623941 32.474669 46.252378
40.905968 33.953979 46.26796
41.268621 33.160666 46.286181
40.326979 34.817332 45.38538
40.270605 33.973276 46.253614
40.905968 33.953979 46.26796
40.270605 33.973276 46.253614
40.558752 34.156639 45.647771
40.794747 35.05392 44.942802
40.976876 36.109348 44.286047
41.017558 35.281483 44.84196
40.56602 34.483841 45.501554
41.418511 35.615741 44.693243
40.384642 35.240215 45.076435
40.447277 35.249728 44.86851
41.035132 34.534305 45.357947
41.693526 37.082089 42.88421
40.733564 36.555931 43.8487
41.278892 37.454043 43.022975
41.327921 36.49428 43.781405
40.924845 37.090806 43.207029
41.486658 37.67444 42.92919
40.661857 36.203853 44.49691
41.888683 36.265683 43.439042
41.769556 36.000673 44.188601
41.662503 37.208852 42.621932
41.398333 38.224971 42.210936
41.592622 37.422478 42.557384
40.86203 37.79563 42.900466
41.008295 37.849447 42.776721
41.753204 38.515927 41.638672
41.672688 38.548296 41.472938
41.672688 38.548296 41.472938
41.756417 38.687637 41.213299
42.431555 38.044252 41.672092
42.025266 38.469068 41.523089
41.491986 38.343849 41.749573
41.756417 38.687637 41.213299
41.666225 38.335134 41.639888
41.938287 38.288275 41.524305
41.756417 38.687637 41.213299
42.028479 38.640778 41.097716
42.028479 38.640778 41.097716
41.860615 39.712239 39.40465
42.028479 38.640778 41.097716
41.637777 39.17849 41.157318
41.778864 39.094438 40.516547
41.298537 39.640332 40.749326
40.499868 40.037537 39.480725
41.44946 39.7945 40.130832
41.646939 39.66725 39.50856
40.445801 40.047245 39.850115
41.192716 40.043124 38.81666
40.650791 40.191705 38.862231
41.544373 40.005656 38.35033
40.941923 40.087761 38.145603
41.192716 40.043124 38.81666
41.543606 33.146515 45.741246
41.828032 32.471043 45.825153
42.190782 33.468709 45.11276
41.85771 32.100045 45.861459
41.313281 32.839386 46.066608
41.274475 32.885173 46.125705
40.806496 32.961123 46.505044
41.918985 33.627343 45.676998
41.345646 33.634093 45.937333
41.807771 33.833636 45.71847
41.008028 33.172136 46.214061
41.574073 33.017713 45.755902
41.171911 34.070838 45.864198
41.442778 34.187622 44.957345
41.664529 34.083941 45.379169
41.69708 34.084989 44.636201
41.531988 33.90276 45.57242
42.064038 34.789488 44.56233
41.664529 34.083941 45.379169
41.962409 33.982882 44.563761
40.911318 34.082308 45.792078
41.808994 35.420626 43.961492
41.986949 36.061182 43.606338
41.027953 34.820795 45.124373
43.289792 35.144236 43.359347
41.027953 34.820795 45.124373
41.439018 34.557637 45.091787
41.794749 36.291733 43.537957
42.511129 36.741973 42.754813
41.740089 36.316293 43.488185
41.4836 36.563008 43.31713
41.631159 36.535652 43.46855
42.024194 35.031587 43.88608
42.670761 36.722652 43.01641
42.724136 37.402983 42.43518
43.27914 36.829421 41.860334
42.347539 36.985892 42.685406
41.681344 37.311045 42.508509
42.225048 37.869867 42.242923
42.061096 38.062039 41.256577
42.201698 37.00994 42.615925
42.018803 38.255906 41.690039
42.025369 38.161451 41.793554
42.025266 38.469068 41.523089
42.638912 38.193119 40.869164
42.235882 38.397493 40.640727
42.235882 38.397493 40.640727
42.272793 38.240289 41.159706
42.82991 37.734358 41.060704
42.061096 38.062039 41.256577
42.165471 38.317877 41.091578
42.82991 37.734358 41.060704
42.16608 38.806532 41.085104
43.291688 37.339212 40.129848
42.16608 38.806532 41.085104
41.9362 39.066164 41.118409
42.214558 38.486125 40.736774
42.16608 38.806532 41.085104
42.214558 38.486125 40.736774
42.214558 38.486125 40.736774
42.028479 38.640778 41.097716
42.055395 39.309391 40.264186
41.94475 38.501437 41.357355
42.061249 39.033898 40.10371
42.202149 39.198942 39.969401
42.055395 39.309391 40.264186
42.70558 38.463292 39.464498
42.596411 38.437192 39.592564
42.206318 39.463559 39.645692
42.206318 39.463559 39.645692
41.639285 39.407144 39.676901
42.241488 38.945857 39.255179
41.860615 39.712239 39.40465
41.958945 39.532683 38.680744
41.386995 39.833721 39.218053
41.511546 39.945411 38.906789
41.511546 39.945411 38.906789
41.860615 39.712239 39.40465
41.752095 39.839433 38.953792
42.571918 31.883065 45.61865
42.156377 33.481987 44.72101
42.653722 33.85281 44.591425
42.223207 33.317719 45.091887
42.126608 32.483867 45.452024
42.632584 32.921708 45.440663
41.354469 32.555578 45.996008
41.997221 32.941005 45.426317
42.764936 33.646517 44.549953
42.264403 33.131211 44.660235
42.106053 33.883849 44.537465
42.598767 34.234608 44.454769
43.528833 34.810745 43.475521
43.155583 35.152927 43.511065
41.989168 36.016983 43.104424
42.878495 34.947081 44.016545
42.530524 35.68387 43.623204
42.874594 35.681085 43.084529
43.211013 35.621539 43.025909
43.084863 36.071477 42.973104
42.490032 36.879438 42.719142
43.0582 36.802378 42.25093
43.471766 36.952457 41.575488
43.236447 36.942637 41.670746
42.998204 36.807289 42.450857
42.998204 36.807289 42.450857
43.257066 37.241481 41.382412
43.009511 36.274324 42.599086
43.27914 36.829421 41.860334
43.585584 36.736552 41.304746
42.539049 37.492223 41.689121
43.218385 37.456729 42.099347
43.218385 37.456729 42.099347
43.38884 36.773109 41.683527
43.218385 37.456729 42.099347
42.998204 36.807289 42.450857
42.866096 38.222721 40.436437
43.278338 37.669736 40.329263
42.595219 38.635543 40.377482
42.16608 38.806532 41.085104
42.277957 38.105322 41.121104
42.596411 38.437192 39.592564
42.801331 38.080675 40.94585
42.977973 37.521511 40.472437
42.482441 38.361042 40.487857
43.302725 37.882038 39.854085
42.451849 38.941561 38.655709
42.372204 38.870558 40.4865
42.72737 38.386508 39.337891
42.451849 38.941561 38.655709
42.596411 38.437192 39.592564
42.379089 39.111611 39.242567
42.618994 38.358837 39.966603
42.906334 38.879748 38.997025
42.028526 31.783934 45.797657
42.796241 32.489446 44.921293
43.045417 33.409114 44.060337
43.513746 34.221224 43.877291
42.909688 33.08345 44.234285
42.653722 33.85281 44.591425
43.31325 32.898721 44.681746
42.747503 34.373141 44.107115
43.008096 34.361671 44.179235
43.278988 35.337477 42.872709
43.490384 35.164893 43.238645
43.87937 36.203741 42.606041
43.207455 36.226854 42.415388
43.926542 35.698257 41.954696
44.041684 36.694782 41.686205
43.971477 35.499899 42.287302
43.520033 36.711677 42.276586
42.815309 38.053255 41.524971
43.389642 37.083943 41.276676
43.387569 37.231717 40.619921
43.387569 37.231717 40.619921
42.961977 38.115226 40.92651
42.977973 37.521511 40.472437
43.614839 37.088899 40.49087
43.291688 37.339212 40.129848
43.301124 37.271198 40.833459
43.302725 37.882038 39.854085
43.1129 38.269394 40.308016
43.017019 38.376889 39.817943
43.017019 38.376889 39.817943
43.302725 37.882038 39.854085
43.206844 37.989533 39.364012
43.079105 38.5278 38.5939
43.596786 38.161651 38.524434
43.660734 38.028105 38.240533
42.851921 38.498198 39.026627
43.206844 37.989533 39.364012
43.563879 37.588833 39.313886
43.059643 38.331975 39.630089
42.709192 31.760947 45.03874
42.967826 32.80634 44.711638
42.709192 31.760947 45.03874
43.940578 32.339424 43.491353
42.897264 32.546075 44.893536
43.660756 33.638833 43.096884
44.127674 33.142033 43.289337
43.571291 33.050166 43.387555
43.719185 35.54939 42.757624
43.274705 34.554715 43.761117
44.624534 34.400894 42.839291
44.234814 34.604753 41.988562
44.148231 34.659306 42.409294
44.689299 34.54294 42.329878
43.948436 34.820399 42.986356
43.801022 36.183519 42.703122
44.515788 35.105671 41.37003
44.106709 36.15283 41.176288
44.322292 35.081135 41.430025
44.433529 36.676215 40.05029
44.006984 36.77153 40.352357
44.122393 36.759162 41.049339
43.853941 37.058474 40.001142
43.694187 37.099767 40.181426
43.928818 37.085184 39.85931
43.549215 37.256914 40.388218
44.261103 36.30051 40.602545
43.800872 37.326398 39.783989
44.004864 37.212642 39.382648
43.487183 37.578791 39.452114
43.640226 37.291847 39.803329
43.583064 37.471296 39.942187
43.079105 38.5278 38.5939
43.302725 37.882038 39.854085
43.487198 37.302792 40.295
44.421499 37.10859 38.231873
43.382615 37.498291 39.711281
43.589453 37.913941 38.948806
43.487183 37.578791 39.452114
44.068876 37.020429 40.012625
43.448983 37.821043 39.033367
43.52533 37.524057 39.52281
43.206844 37.989533 39.364012
43.52533 37.524057 39.52281
43.410836 37.875777 38.962671
43.724525 37.623384 39.294546
43.724525 37.623384 39.294546
43.410836 37.875777 38.962671
43.410836 37.875777 38.962671
43.487183 37.578791 39.452114
43.448983 37.821043 39.033367
43.206844 37.989533 39.364012
43.206844 37.989533 39.364012
44.830408 33.191267 42.251336
44.573266 33.120648 42.847904
44.906901 34.305591 42.099403
45.083188 32.263507 41.771274
45.06721 34.046951 41.364144
44.243911 34.808898 41.777286
44.649911 34.812032 41.4093
44.065815 35.509798 41.733914
44.271716 35.43724 41.601454
44.628751 35.03654 41.551328
44.194546 35.392288 42.183332
44.602088 35.767441 40.829154
44.632289 36.060756 40.094329
44.452114 36.312884 40.579567
44.236255 36.94592 39.636782
44.452114 36.312884 40.579567
44.256237 36.746142 39.009957
43.86603 37.024411 40.977644
43.294777 37.305718 40.008642
43.700138 37.411082 39.769724
44.004864 37.212642 39.382648
43.976643 36.835156 40.131258
43.724525 37.623384 39.294546
43.822855 37.443828 38.57064
44.13559 37.227393 38.305256
44.004864 37.212642 39.382648
44.372732 36.71163 38.983572
43.762672 37.56865 39.365242
44.112062 37.091555 39.4757
43.410836 37.875777 38.962671
43.941073 37.617363 38.328635
43.800872 37.326398 39.783989
44.043011 37.157908 39.453344
43.966216 37.448237 38.14434
44.242721 36.872311 38.505874
43.283097 38.414044 38.192559
43.119648 38.028095 38.817107
43.822855 37.443828 38.57064
43.861002 37.389094 38.641336
43.448983 37.821043 39.033367
43.966216 37.448237 38.14434
43.410836 37.875777 38.962671
45.280878 33.40031 41.702359
45.570249 33.479377 41.347973
44.788166 34.601797 41.607099
45.302192 34.254155 41.178338
45.173536 34.753401 40.351945
45.091597 34.259253 40.888966
44.833155 34.818403 41.02569
44.912936 35.735976 39.552022
45.132026 34.476407 40.643179
44.784367 35.224416 40.126057
44.292876 35.212732 41.459426
44.725336 35.778723 40.645471
45.487645 34.616749 40.201092
44.693097 34.883158 40.872375
44.658952 35.329855 40.816503
44.875811 35.926234 39.207416
44.133603 35.843 41.654983
44.368922 35.34019 40.982764
44.745636 35.651939 39.808179
44.851887 35.976653 39.172955
43.861002 37.389094 38.641336
44.808701 35.905527 39.70988
44.259915 37.036707 38.359917
44.334585 36.766364 38.912876
44.064546 37.268681 37.420434
44.090859 37.137859 38.799276
43.930637 37.068516 39.862914
44.605574 36.456565 38.772364
44.430449 36.92645 38.187266
44.334585 36.766364 38.912876
44.413989 36.915747 38.46923
44.064546 37.268681 37.420434
44.645775 36.531521 38.604587
44.000589 37.413655 37.403088
43.5982 37.870537 38.645015
43.981919 37.53495 37.967417
44.064546 37.268681 37.420434
44.141341 36.978352 38.729438
44.064546 37.268681 37.420434
45.762169 32.321519 40.788218
45.038825 33.512061 41.892099
45.247563 33.598625 41.618092
45.091597 34.259253 40.888966
45.594636 33.691679 40.872795
45.548925 33.568009 41.44402
45.364726 34.411723 40.773856
45.304401 34.610378 40.584702
45.326579 34.466457 40.70316
45.558199 33.763205 40.365126
45.423722 34.085717 40.50053
45.408214 33.721944 40.60394
45.594636 33.691679 40.872795
45.635568 33.846889 40.156336
45.034199 34.594019 40.896413
45.302192 34.254155 41.178338
45.402787 34.02441 40.580677
45.005193 34.092829 41.270926
45.205775 35.648966 40.125041
45.31527 34.482778 40.259569
45.376124 34.755311 39.858503
45.248178 34.996525 39.783182
44.426974 36.682737 38.518486
44.991953 35.217254 40.168819
45.635568 33.846889 40.156336
45.397917 35.094062 39.577217
45.198241 36.067992 38.37534
44.92888 35.65831 39.424569
44.742116 36.29962 38.988644
44.851887 35.976653 39.172955
45.058343 36.098269 38.840908
44.645775 36.531521 38.604587
44.637453 36.389424 39.326004
44.701838 36.697848 38.319975
44.567427 36.511299 38.701668
44.455502 36.91222 38.238957
44.942179 36.248986 38.529502
43.930492 37.639825 37.33518
44.782764 36.208267 38.656274
44.639821 36.743726 38.226757
45.126393 36.047712 38.529046
44.518036 37.069788 37.834475
44.433732 36.884685 38.482896
44.645775 36.531521 38.604587
44.701838 36.697848 38.319975
44.637453 36.389424 39.326004
44.65481 36.756682 37.096254
44.141341 36.978352 38.729438
44.755475 36.475209 38.42778
44.167645 37.157957 37.960207
43.930492 37.639825 37.33518
44.645775 36.531521 38.604587
44.035715 37.388541 38.986257
44.194454 37.113091 37.804776
44.605574 36.456565 38.772364
44.716827 36.710804 37.189472
43.966216 37.448237 38.14434
44.528779 36.746894 37.46336
44.003542 37.218749 39.024842
43.812256 37.695258 36.961586
44.716827 36.710804 37.189472
45.583332 32.857421 41.019552
45.711776 33.404842 40.033853
45.760119 33.958579 39.845072
45.583332 32.857421 41.019552
45.711776 33.404842 40.033853
45.767631 32.069944 39.958059
45.402787 34.02441 40.580677
45.645866 33.014989 40.61507
45.727486 34.063532 39.497528
45.523382 34.312463 40.040367
45.506253 34.337188 39.459736
45.49606 35.034417 39.447986
45.881649 33.790141 39.167264
45.368594 35.26524 38.351077
45.450786 34.739179 39.738395
45.289734 35.831547 39.095042
45.112903 36.301857 37.330685
45.005699 35.687297 39.391385
44.739591 36.247076 39.022944
45.3816 35.746396 37.882923
44.933229 36.431126 38.574109
45.317404 36.060086 38.506068
44.942179 36.248986 38.529502
44.528779 36.746894 37.46336
44.683922 36.476787 38.675283
44.755475 36.475209 38.42778
45.832334 33.575259 39.44237
45.754548 32.6919 40.28648
45.973363 32.712089 39.18927
45.696196 33.427547 40.14451
45.867188 33.143637 39.818302
45.724606 33.497467 39.920377
45.404363 34.072378 40.507165
45.56827 34.29131 39.552954
45.652394 34.428229 38.696257
45.431507 34.626174 39.882311
45.611181 34.496905 38.638887
45.497171 34.381868 39.436285
45.783258 33.784456 39.505436
45.640656 35.218381 38.235494
45.600509 35.186875 39.32605
45.576696 35.733285 38.266323
45.112903 36.301857 37.330685
45.434544 35.773249 37.667126
44.820911 36.153533 38.72697
45.112903 36.301857 37.330685
45.434544 35.773249 37.667126
45.733224 32.780532 40.382527
45.802372 33.973689 39.188119
45.415469 33.772679 40.584757
45.832334 33.575259 39.44237
45.957656 33.413765 39.031769
45.965076 33.986228 38.784864
45.816999 33.977626 39.1783
45.979597 34.52904 37.983078
45.856099 33.89625 39.148158
45.336339 35.658028 38.823982
45.626393 35.440518 37.959244
45.264006 36.114009 37.757772
45.336214 35.952805 38.391032
45.587587 35.486305 38.018341
45.663795 35.044258 37.895858
45.434544 35.773249 37.667126
45.008952 36.656758 37.973715
45.434544 35.773249 37.667126
45.936332 33.502397 39.127816
45.762169 32.321519 40.788218
45.832505 34.88565 38.527612
45.802372 33.973689 39.188119
45.779891 34.338297 39.270641
45.80303 34.164174 38.931005
46.017397 34.31109 37.927635
45.663795 35.044258 37.895858
45.979597 34.52904 37.983078
45.663795 35.044258 37.895858
45.973363 32.712089 39.18927
45.527387 33.98784 39.733054
46.095798 33.781022 38.847613
45.936332 33.502397 39.127816
45.988215 33.812105 38.445228
46.092463 34.030234 38.31028
45.855644 34.711527 38.187976
45.855644 34.711527 38.187976
46.092274 34.3378 37.785803
45.587587 35.486305 38.018341
46.142008 34.319088 37.465623
45.749998 35.276353 37.500886
45.897874 33.529862 39.440373
45.967852 34.022236 38.772292
45.796993 33.223289 39.482304
45.897874 33.529862 39.440373
46.105996 33.44358 38.351693
46.092463 34.030234 38.31028
45.770852 33.45385 39.543643
45.900614 34.362965 38.018162
45.80303 34.164174 38.931005
45.941847 34.943622 37.793004
46.142008 34.319088 37.465623
46.142008 34.319088 37.465623
46.142008 34.319088 37.465623
45.900614 34.362965 38.018162
46.155091 33.697132 37.137202
46.101081 33.313299 38.77243
45.906492 32.812927 39.902523
46.011209 33.529107 38.985984
46.181754 32.966231 37.859376
46.155091 33.697132 37.137202
46.051378 32.659215 39.112616
45.897874 33.529862 39.440373
46.069793 34.702408 37.868325
46.155091 33.697132 37.137202
46.181754 32.966231 37.859376
46.018527 32.608133 39.448791
46.155091 33.697132 37.137202
45.906492 32.812927 39.902523
46.101081 33.313299 38.77243
46.118339 33.312722 38.614343
46.040227 33.040766 39.173496
46.181754 32.966231 37.859376
45.906037 33.628204 38.942341
46.060285 33.31991 38.922918
46.114944 33.665626 38.227758
46.077111 33.781434 38.331132
45.96851 34.212721 38.515178
46.114944 33.665626 38.227758
46.155091 33.697132 37.137202
45.96851 34.212721 38.515178
46.181754 32.966231 37.859376
46.011209 33.529107 38.985984
