-42.163252 -39.268248 -38.262638
-43.657829 -37.583697 -37.817787
-41.061460 -32.904617 -46.042221
-43.471849 -32.014660 -44.777507
-44.962671 -34.800705 -41.156423
-39.614026 -35.689698 -45.341485
-42.394643 -39.001526 -38.516772
-39.874351 -36.199170 -44.869376
-44.771725 -35.709814 -40.724655
-44.607800 -34.509749 -41.728687
-41.675675 -37.051760 -43.534229
-44.468084 -36.678774 -39.530979
-39.623548 -35.212837 -45.358689
-40.768266 -37.158290 -44.345425
-41.187677 -37.885597 -42.480212
-42.139355 -39.068635 -39.340687
-40.064232 -33.878639 -45.811023
-43.129089 -32.432335 -44.731550
-43.928754 -36.005153 -42.398242
-43.583361 -35.364711 -44.039726
-42.924200 -32.899966 -45.124878
-44.032137 -36.297616 -40.207539
-41.049019 -33.718235 -45.872912
-42.854783 -38.057071 -39.181707
-41.430017 -38.832156 -40.618742
-42.071821 -33.964185 -45.048538
-43.639705 -34.200639 -43.308994
-42.040235 -32.623270 -45.716007
-42.703032 -38.614441 -40.378884
-42.416560 -34.389807 -44.672778
-44.354334 -35.513437 -42.134798
-44.284997 -36.198815 -39.936202
-40.958090 -35.033640 -45.229892
-43.747677 -36.832262 -39.736252
-43.794629 -35.438125 -43.025535
-43.300272 -38.210756 -38.853699
-41.646433 -33.099944 -45.979328
-40.181468 -35.834351 -45.279808
-42.342965 -36.498173 -43.752421
-40.608731 -34.115255 -45.680344
-41.987417 -33.328567 -45.580281
-42.720161 -38.196588 -39.004605
-42.739227 -34.892745 -44.158090
-44.106051 -33.466876 -42.839723
-42.614136 -37.771536 -42.083198
-39.951466 -34.597481 -45.579434
-43.717031 -37.411516 -39.658950
-42.962037 -33.623153 -44.244102
-44.694930 -36.000143 -39.415651
-40.447023 -36.405363 -44.708493
-43.522021 -38.037152 -38.866522
-43.281832 -33.049208 -44.611541
-43.962232 -36.662982 -40.379761
-43.977806 -36.080270 -41.496496
-44.437153 -35.160604 -41.008110
-41.897174 -39.231093 -39.888022
-43.021892 -37.491961 -41.253348
-41.390606 -38.909332 -40.165990
-41.338919 -38.523310 -41.661395
-44.224548 -35.535594 -42.735957
-42.235655 -32.233896 -45.262896
-41.825718 -35.774152 -44.459240
-40.877182 -37.061138 -43.943893
-41.734589 -38.770843 -41.264043
-44.398523 -34.289919 -41.959535
-44.315569 -35.757767 -40.876991
-41.877523 -38.276893 -41.777874
-42.530527 -38.573125 -40.651271
-42.026959 -33.394576 -45.542297
-41.493627 -36.520554 -43.993444
-41.096786 -33.853961 -45.322795
-42.968810 -32.582234 -44.793678
-40.687079 -34.135477 -45.583263
-40.322137 -34.766602 -45.383840
-43.243120 -37.119697 -42.613669
-43.078240 -36.959891 -42.858218
-43.409586 -36.931387 -42.638799
-39.913374 -34.734537 -45.638125
-41.267432 -38.371906 -41.994763
-40.374125 -34.753759 -45.408998
-41.651713 -38.066434 -41.913222
-42.560493 -37.690006 -42.425119
-41.383667 -37.838495 -42.934993
-41.616614 -35.847162 -44.485747
-42.077263 -32.138447 -45.324511
-40.514068 -35.608854 -45.210156
-41.887539 -38.441252 -41.590095
-43.434505 -35.951407 -42.734075
-41.251813 -38.941929 -40.963520
-43.196791 -36.061534 -43.243567
-43.349534 -36.678407 -43.123558
-42.762932 -37.290871 -41.362790
-43.484053 -37.600169 -41.140567
-40.922122 -37.314585 -43.051527
-43.733642 -33.493468 -43.215313
-42.257587 -37.256325 -43.039270
-42.781625 -35.585556 -43.784211
-42.215702 -38.771649 -39.830130
-42.547388 -36.246903 -43.861988
-41.587497 -35.632506 -44.756618
