-39.869356 -33.906866 -46.377884
-45.304725 -31.992459 -40.961649
-41.375279 -31.671721 -45.956973
-41.440789 -39.279758 -39.603793
-39.310915 -34.686180 -45.461236
-42.378666 -38.621395 -37.597740
-39.866125 -34.217872 -45.922077
-41.984864 -39.098069 -37.861061
-43.208349 -37.568144 -39.087346
-43.297644 -32.841586 -44.648375
-44.860728 -35.651988 -39.929161
-41.909345 -39.173511 -38.216287
-40.290827 -33.789492 -45.641211
-40.392799 -32.686806 -46.182780
-39.951719 -33.606664 -46.036205
-42.231730 -38.573328 -39.355889
-45.027169 -33.036524 -41.870076
-41.641778 -39.203635 -38.405772
-41.822941 -39.007087 -38.598247
-40.156584 -35.568872 -44.777004
-44.032730 -35.845328 -42.371310
-43.364592 -36.718809 -42.311628
-42.928272 -38.164064 -39.818095
-44.654479 -34.863539 -41.161274
-41.771601 -31.985915 -45.855145
-43.100086 -37.813835 -38.586175
-40.393048 -35.158432 -45.192014
-45.165407 -35.026390 -39.972439
-40.748180 -36.967841 -43.365976
-41.045269 -36.466452 -44.352259
-45.072746 -32.525722 -41.227322
-41.241438 -35.914187 -44.557787
-40.983013 -35.527685 -44.910248
-41.938936 -38.724118 -39.533697
-43.170213 -33.470642 -44.422523
-41.517136 -38.982772 -40.093236
-42.044162 -36.915253 -43.433465
-42.862306 -37.122713 -42.684547
-42.318533 -36.610480 -43.290989
-42.777344 -32.373772 -45.627024
-45.248049 -32.603527 -40.945539
-42.743201 -37.342445 -42.001927
-44.298333 -34.457589 -43.602814
-41.168272 -36.787702 -43.735719
-42.086498 -38.936752 -39.201756
-42.477933 -37.162655 -42.939983
-40.609669 -35.332494 -44.949780
-43.563536 -37.251185 -41.403643
-44.183287 -36.228063 -42.144070
-43.936795 -35.384623 -42.450725
-43.649567 -33.722617 -44.051605
-42.678714 -34.134729 -45.107059
-42.988659 -37.302179 -41.625408
-42.111698 -37.952322 -42.293278
-44.564832 -34.952304 -40.721155
-41.685102 -34.775037 -44.178493
-41.804137 -38.800037 -41.069939
-44.898974 -33.370043 -40.809052
-43.539149 -37.038883 -41.878821
-41.414821 -31.737730 -45.918989
-44.464206 -35.244238 -40.795644
-45.100642 -34.884344 -40.481852
-42.386409 -33.420300 -45.425826
-40.909300 -39.053855 -39.605310
-41.144839 -36.176533 -44.153075
-44.141517 -33.953976 -43.651709
-43.210317 -33.147008 -45.006210
-44.121906 -36.281586 -40.636925
-40.856291 -34.660768 -45.501233
-40.490059 -36.934760 -43.891418
-43.805106 -34.881045 -43.179238
-44.417523 -35.850151 -40.530071
-42.590147 -37.718679 -41.760643
-42.788035 -32.063206 -45.139834
-43.634353 -37.010461 -39.767927
-42.358651 -38.357585 -41.790361
-43.020853 -33.589659 -44.342127
-40.129681 -34.416338 -45.905775
-43.719789 -36.375172 -42.631989
-42.564525 -38.527806 -40.988042
-42.945018 -38.009635 -41.188379
-41.846000 -34.656151 -45.439025
-42.892404 -37.462282 -41.931408
-44.610766 -32.224310 -42.244952
-41.148835 -38.943946 -40.233117
-43.769763 -36.375132 -41.477136
-44.292344 -35.176049 -43.064145
-42.824026 -38.336096 -39.948840
-43.912124 -35.368964 -43.092719
-41.318567 -35.320378 -45.051397
-42.445373 -37.654626 -42.251515
-43.224536 -34.292277 -44.155337
-42.559022 -36.060720 -43.874102
-41.747358 -33.342758 -45.865652
-43.048359 -37.180492 -42.533916
-43.053680 -37.745845 -40.181923
-41.454654 -32.230201 -45.894447
-42.669908 -34.382859 -45.019409
-44.330597 -34.907949 -42.187404
-41.257262 -36.305595 -43.928729
