21.52703 23.74648 31.207015
22.123086 23.155527 31.226733
22.307673 24.857701 30.823088
22.839187 24.665584 31.060335
22.475335 24.774855 30.855015
22.839187 24.665584 31.060335
21.419977 25.848809 29.850651
20.659571 26.314734 28.869993
21.422049 26.100064 29.330081
21.274236 26.171757 29.273774
22.032981 26.007552 29.779714
21.205558 26.660314 28.505938
20.923067 26.371145 28.726338
20.866392 26.559584 28.590836
21.162633 26.363579 28.766141
22.172765 26.059346 29.220803
20.923067 26.371145 28.726338
20.180666 27.66817 26.555375
21.955228 27.304547 27.68031
19.748438 27.732872 26.398797
21.773119 27.443283 27.497547
20.180666 27.66817 26.555375
21.054214 27.705759 26.347839
20.420232 27.660604 26.595178
21.773119 27.443283 27.497547
20.180666 27.66817 26.555375
21.848361 27.538406 26.969742
20.420232 27.660604 26.595178
21.054214 27.705759 26.347839
20.68307 27.767781 26.115741
20.180666 27.66817 26.555375
20.515408 27.850627 26.083814
20.68307 27.767781 26.115741
20.754846 27.526384 27.214319
20.68307 27.767781 26.115741
19.748438 27.732872 26.398797
20.180666 27.66817 26.555375
21.848361 27.538406 26.969742
21.751848 27.685149 26.510523
20.420232 27.660604 26.595178
23.302273 24.338403 31.168238
22.839187 24.665584 31.060335
23.304747 24.627098 30.984074
22.839187 24.665584 31.060335
23.304747 24.627098 30.984074
22.253527 25.38048 30.727361
23.434688 23.892437 31.069491
23.304747 24.627098 30.984074
22.453772 25.461063 30.673063
22.843189 25.070105 30.811963
22.586546 25.204699 30.537457
21.962003 26.076614 29.513443
23.759191 25.306734 30.120856
22.27771 25.747743 29.854425
22.718546 25.637728 30.155918
22.950398 25.095428 30.742777
21.488488 26.121138 29.064112
22.918019 25.875309 28.977276
23.446941 25.803771 29.626865
22.53204 25.909101 29.548264
22.665281 25.754155 29.768297
22.71807 25.672665 29.984245
22.386299 26.232049 28.971387
23.446941 25.803771 29.626865
22.607282 26.004224 29.020459
22.386299 26.232049 28.971387
22.470261 26.071905 29.067022
23.457426 26.281351 28.958667
21.727642 26.303943 28.786885
22.975475 26.34052 28.715308
22.197734 26.991615 28.398985
23.604882 26.443424 28.688421
21.834851 26.329266 28.717699
22.226301 26.288216 28.824625
22.055872 27.267101 28.015162
22.941025 26.681912 27.684727
22.707893 27.23753 27.228884
22.562349 26.831042 28.169722
22.684581 26.996671 27.352233
21.773119 27.443283 27.497547
22.647322 27.138283 27.457332
22.824424 26.989521 28.124868
22.684581 26.996671 27.352233
23.128665 27.372894 26.927876
22.880755 27.307125 26.998818
22.824208 27.127596 27.251501
21.770979 27.697385 26.050123
22.820875 27.580082 26.920799
21.770979 27.697385 26.050123
21.770979 27.697385 26.050123
21.848361 27.538406 26.969742
23.139109 27.388201 26.716892
23.169002 24.738368 30.657763
24.775186 24.711136 30.579111
24.18601 24.602665 30.83519
24.246367 24.183507 30.810267
23.147272 24.791575 30.698584
24.18601 24.602665 30.83519
23.397866 25.306167 30.315092
23.147272 24.791575 30.698584
24.494349 24.727166 30.045873
23.446941 25.803771 29.626865
24.401923 25.241994 29.350044
22.597857 25.2387 30.412922
23.771241 24.910032 30.196919
24.033956 24.878104 30.408886
23.149305 25.141483 30.66661
23.397866 25.306167 30.315092
23.590208 25.192128 30.387906
24.816752 24.682143 30.140287
23.286943 25.859938 29.480103
23.397866 25.306167 30.315092
23.47912 25.214267 30.264038
23.759191 25.306734 30.120856
23.149305 25.141483 30.66661
24.092562 24.737776 30.503272
23.590208 25.192128 30.387906
22.853748 25.313407 29.639897
24.380843 25.972762 28.523084
24.494349 24.727166 30.045873
23.233866 24.957813 30.416702
23.625461 25.455924 29.539814
23.728846 25.386426 29.462539
24.121685 25.805853 28.922806
22.905576 25.883173 29.021608
23.91954 26.40128 28.521528
23.929508 26.451524 28.138871
23.565844 26.972238 27.203349
23.565844 26.972238 27.203349
23.576288 26.987545 26.992365
23.997079 26.441056 27.885714
23.7549 26.813769 26.449111
24.05204 26.80727 25.960182
23.672932 26.942481 25.810613
24.443119 26.551868 26.683407
25.018676 24.041815 30.725008
24.935623 24.124447 30.251017
25.260187 25.113562 29.307331
24.816752 24.682143 30.140287
24.326588 24.899639 29.766294
25.509802 24.634155 29.561872
24.816752 24.682143 30.140287
24.332128 24.73021 30.543075
24.042209 25.028289 30.114784
24.384965 25.789247 28.96186
24.244835 25.14868 29.966922
23.925348 25.660613 29.338999
24.671011 25.005091 29.56341
24.364522 25.332341 28.984567
23.963744 25.1662 29.86125
24.073176 25.244646 29.1481
24.494949 25.291771 28.744772
24.631985 25.701365 28.557604
24.474044 25.061712 29.496048
24.631985 25.701365 28.557604
24.45663 26.174119 27.644921
24.878154 26.00518 28.467032
24.484981 25.241527 29.127429
23.068658 26.624441 27.673632
23.715385 26.85762 27.527829
24.407915 26.308366 27.851005
24.096017 26.277435 28.055985
24.284773 26.650549 26.723335
24.588596 26.035348 26.999087
23.576288 26.987545 26.992365
23.935655 26.042289 28.486825
24.001402 26.451124 26.800111
24.759349 26.237125 26.32843
24.155768 26.630835 26.797059
24.030282 26.7605 26.601203
24.001457 26.391937 26.881107
25.193947 26.123892 26.537653
23.660577 26.887182 26.370072
24.019217 26.343518 26.95465
24.488585 26.041234 26.807324
24.991564 26.236644 24.779532
23.660577 26.887182 26.370072
24.749381 26.186881 26.711087
24.358791 26.731368 26.487021
24.284773 26.650549 26.723335
25.434686 24.144257 29.977008
24.816752 24.682143 30.140287
26.194876 23.686436 28.59337
24.474044 25.061712 29.496048
25.767204 24.116866 29.283538
26.302474 23.663386 29.393518
25.834407 23.947659 30.231269
25.434686 24.144257 29.977008
25.621045 24.803966 28.538766
25.081157 24.656871 29.605171
25.002692 24.794782 29.351637
26.406127 23.520063 28.624866
24.534796 25.170914 29.225887
24.374977 25.283906 28.964097
25.433576 24.541932 29.722715
24.852575 25.627777 28.6893
24.524776 25.676042 28.62679
25.232043 25.514933 28.32895
24.81027 25.467808 28.732278
25.034114 25.808495 26.61646
23.774322 26.525966 27.111445
24.458569 26.11115 26.784194
24.923177 25.647482 26.771946
24.574221 26.260455 26.039013
26.006606 23.230096 29.560675
25.860533 23.730124 28.933035
26.01637 24.378661 28.896919
25.940299 23.574202 29.876994
26.370148 23.56459 28.584649
25.656404 24.914515 28.517762
26.196556 24.691698 28.460917
25.033855 24.73853 29.468454
25.621045 24.803966 28.538766
25.36484 25.342498 26.937047
25.580798 24.667216 28.739826
25.44276 25.037523 28.364092
25.696651 25.051265 28.316702
24.894661 25.74716 26.907693
25.507274 25.23796 27.364053
25.264022 25.106501 27.366555
24.894661 25.74716 26.907693
25.265286 25.663371 26.042909
25.484413 25.321764 26.693389
25.276223 25.843186 25.67429
26.150858 23.904534 28.497741
26.44752 24.351038 28.294999
26.301756 24.62263 26.392666
25.818437 24.744017 27.600453
25.44276 25.037523 28.364092
26.013993 24.82572 26.731866
25.74392 25.033884 26.195777
25.861342 25.072418 26.062627
25.529201 25.106773 26.409007
25.265286 25.663371 26.042909
25.705436 25.083318 26.714181
25.265286 25.663371 26.042909
25.675193 25.182463 25.501449
26.992697 23.740575 27.633957
26.735202 23.421795 27.678263
26.775342 22.776783 28.508457
26.491712 24.091116 27.532366
25.960896 24.751545 26.956765
26.335976 24.413892 26.177153
26.091698 24.712365 25.910572
25.488421 25.47191 26.345359
26.214099 24.629222 26.225131
26.211049 24.513263 26.614167
25.793308 25.175711 25.331782
25.595914 25.353947 26.2027
25.540379 25.505019 25.827261
25.610863 25.100736 25.725343
25.595914 25.353947 26.2027
26.025379 24.996351 25.622555
25.742058 25.202304 25.355743
26.551272 23.383784 27.801858
26.853617 24.297123 27.131404
27.220697 23.708626 26.226708
26.662061 24.369683 25.398424
26.447342 24.442572 25.611654
26.236422 24.734765 25.283015
26.236422 24.734765 25.283015
26.145979 24.755663 25.163283
26.779344 23.181304 28.260085
27.657162 22.972818 27.436518
27.282718 22.841383 27.745694
27.246473 23.109154 27.698382
27.156177 23.323359 27.334927
26.980122 23.862279 26.881821
26.11423 24.774739 25.336819
26.36931 24.443418 24.144283
26.716079 24.372455 23.68737
27.482193 23.09909 26.879903
27.657162 22.972818 27.436518
27.35602 23.690028 25.652153
26.990844 23.943825 23.9754
27.40602 23.244215 27.401998
27.949322 23.02694 26.3182
27.949322 23.02694 26.3182
27.406631 23.79392 25.466975
27.285234 23.797648 25.64491
28.071199 22.81161 26.270222
27.854184 23.200202 25.9014
28.071199 22.81161 26.270222
28.071199 22.81161 26.270222
27.738442 23.502687 26.84663
27.659491 23.510438 24.108918
28.140047 22.602395 26.160708
28.115249 23.05247 24.09943
27.971645 23.132483 25.376084
28.351259 22.699844 24.162855
28.335936 22.562799 25.096986
28.331061 23.001498 25.392433
28.115249 23.05247 24.09943
28.545255 22.473621 25.908911
28.28254 22.505549 25.696944
28.545255 22.473621 25.908911
28.727136 20.997878 23.995282
28.222277 22.84309 25.740194
28.686502 21.296739 25.580675
28.686502 21.296739 25.580675
28.754002 20.913426 24.487814
28.667246 21.510891 24.208995
28.545255 22.473621 25.908911
28.410472 22.083439 25.964955
28.781327 20.226554 24.439809
28.713755 20.776676 24.688874
28.772023 20.569167 23.756588
28.838734 20.240147 23.672516
28.838734 20.240147 23.672516
28.831081 20.563651 24.339866
28.735201 21.288101 23.92453
28.717757 21.181197 24.440502
28.735201 21.288101 23.92453
28.772023 20.569167 23.756588
28.704734 20.810924 24.840856
28.831081 20.563651 24.339866
28.704734 20.810924 24.840856
28.621848 21.889251 25.507864
28.410472 22.083439 25.964955
28.704734 20.810924 24.840856
28.772023 20.569167 23.756588
28.831081 20.563651 24.339866
28.704734 20.810924 24.840856
28.866079 19.668433 23.156532
28.598239 21.648811 25.560437
28.772023 20.569167 23.756588
28.770355 20.735889 23.16941
28.410472 22.083439 25.964955
28.717757 21.181197 24.440502
28.770355 20.735889 23.16941
28.754002 20.913426 24.487814
28.754002 20.913426 24.487814
28.831081 20.563651 24.339866
28.831081 20.563651 24.339866
28.727136 20.997878 23.995282
28.772023 20.569167 23.756588
28.772023 20.569167 23.756588
28.781327 20.226554 24.439809
28.831081 20.563651 24.339866
28.598239 21.648811 25.560437
28.763095 20.712369 25.179628
28.226998 22.389322 26.655249
28.065108 22.828039 26.262214
28.283725 22.484945 26.463121
28.02746 22.482685 26.846091
27.681845 21.996875 27.210426
27.802446 22.928447 27.120726
