-23.898999 -26.568743 -28.377703
-24.235301 -26.754855 -27.999438
-23.607892 -26.975583 -27.670488
-25.411527 -26.073932 -26.946351
-25.627847 -25.798028 -26.249835
-24.566982 -26.544546 -27.787665
-27.343015 -23.529689 -27.247324
-25.445797 -25.647315 -28.552087
-24.768301 -25.559677 -28.975768
-26.113906 -24.258132 -29.659627
-25.121988 -26.372108 -26.962402
-25.332796 -25.986616 -27.665815
-23.873896 -25.915286 -29.867988
-23.162648 -26.996109 -26.608551
-26.827646 -24.242767 -27.611649
-26.822049 -24.509583 -26.695799
-23.820268 -26.481427 -29.097167
-27.398694 -23.827883 -25.990475
-24.857232 -25.389515 -29.727159
-24.912319 -24.469866 -30.475382
-25.657373 -25.627997 -27.428536
-25.821080 -25.286018 -28.806633
-24.174451 -26.210643 -28.297009
-26.685451 -23.817611 -28.534710
-25.849183 -25.407398 -28.274482
-22.589753 -25.786576 -29.963591
-23.817794 -26.192732 -29.281331
-24.263197 -25.837400 -29.059452
-22.737209 -25.948649 -29.693345
-26.335209 -24.959626 -28.318434
-26.235655 -25.280499 -27.424296
-23.758178 -24.846839 -30.401684
-23.567318 -26.779052 -28.589476
-25.359409 -25.086514 -29.745100
-26.437587 -24.771036 -29.061959
-23.203466 -26.888323 -28.384156
-25.661018 -24.519289 -29.815885
-24.537187 -25.662671 -29.644298
-25.443073 -25.316204 -29.217930
-24.931365 -26.016284 -28.458362
-25.070970 -26.160270 -28.092374
-24.522236 -25.008761 -30.071420
