-27.858484 -22.282450 -26.990072
-23.300905 -27.207615 -27.117156
-22.480619 -25.420531 -30.506129
-21.369299 -27.103985 -27.986920
-27.615027 -23.051191 -25.130010
-21.533318 -26.976522 -27.743220
-27.605059 -23.000947 -25.512667
-25.114649 -23.232029 -30.215257
-23.405615 -26.041220 -29.635705
-27.516747 -23.458146 -27.509219
-21.869324 -27.149033 -27.242728
-24.705227 -23.766309 -30.196962
-27.701373 -22.843737 -27.079348
-24.398032 -27.029228 -26.145079
-25.675718 -25.810156 -26.363273
-24.598094 -24.747309 -29.459156
-24.845309 -24.880130 -29.179041
-24.018924 -27.164439 -25.995510
-25.098809 -26.297154 -26.120853
-27.505578 -22.411422 -27.532012
-25.804663 -25.728394 -25.702876
-26.502658 -24.320401 -28.783828
-27.207736 -24.027717 -25.820183
-26.765436 -22.711437 -28.825066
-24.159716 -26.630907 -26.694216
-25.905542 -25.382144 -28.359335
-25.169612 -25.627865 -28.704019
-27.027171 -23.918049 -28.509569
-23.488417 -26.754189 -27.252256
-24.491397 -26.420598 -26.482443
-23.691090 -26.514839 -28.546836
-27.098467 -24.270111 -26.880774
-23.854539 -24.630466 -30.400744
-26.327727 -25.234410 -25.577176
-22.340551 -25.525438 -30.010441
-22.388351 -26.325757 -28.647867
-27.174116 -23.667264 -26.920677
-24.830901 -25.836935 -28.216219
-25.222160 -26.235795 -26.623024
-26.246859 -24.445978 -29.306656
-24.272452 -24.712627 -29.853734
-26.586322 -22.966871 -28.942802
-27.393556 -22.946428 -27.915976
-22.133463 -26.680278 -28.006048
-27.846712 -22.519237 -26.520564
-23.159006 -24.950046 -30.407197
-27.086112 -24.214812 -27.440233
-27.547353 -23.604433 -26.972888
-22.227669 -25.718156 -29.998438
-23.880271 -24.981780 -30.111551
-26.732438 -24.012357 -28.081153
-27.208871 -23.142856 -27.992110
-22.307357 -25.789620 -29.893499
-25.991774 -24.821520 -29.030177
-23.989402 -26.403648 -27.353847
-25.331867 -26.168247 -27.123453
-25.187810 -25.909781 -28.129572
-22.628415 -26.593209 -27.923332
-24.764005 -24.080121 -29.451637
-25.596184 -25.697996 -27.628992
-26.415408 -23.192793 -29.114919
-22.940609 -25.339006 -29.781787
-24.721221 -25.992586 -28.478505
-22.552706 -26.295382 -28.979039
-21.998166 -27.018533 -27.218187
-24.326445 -25.291567 -28.874555
-22.816845 -25.826627 -29.742359
-25.700337 -25.466268 -26.580944
-24.122559 -26.125487 -27.779265
-27.371553 -22.640575 -27.944436
-26.027419 -25.166814 -28.311357
-27.345217 -22.676186 -28.098394
-27.572161 -22.512561 -27.176994
-26.524796 -24.222863 -27.852764
-23.025640 -25.190551 -30.214972
-22.870011 -26.195630 -29.089315
-22.704120 -26.653913 -27.578285
-25.544157 -25.151613 -29.040100
-26.938106 -24.534875 -27.447156
-26.925301 -24.259498 -27.605244
-25.421201 -22.805760 -29.436607
-26.086080 -24.591691 -29.390387
-23.287987 -26.903613 -27.512304
-23.827949 -26.488141 -27.682879
-23.707369 -24.555741 -30.473140
-24.048283 -26.861544 -26.531210
-25.457060 -25.947260 -26.583576
-25.401559 -26.023688 -27.329008
-25.833130 -24.889316 -28.882696
-22.064832 -26.784405 -27.980467
-22.054407 -26.087245 -29.385808
-26.354068 -24.471301 -29.237470
-24.202572 -26.453958 -26.959287
-23.188620 -25.765187 -29.744615
-23.932872 -25.217693 -29.794376
-26.202975 -24.986629 -26.521944
-25.551326 -24.765558 -29.313109
-24.073718 -25.067575 -29.445063
-27.032156 -23.984432 -27.564864
-23.781640 -26.732705 -26.967678
