-23.639909 -26.225824 -28.323026
-26.432799 -24.558617 -28.518006
-26.859553 -24.302287 -28.019978
-26.330378 -24.745713 -29.131145
-26.206612 -24.309228 -29.507716
-26.712225 -23.739173 -29.407702
-26.627509 -24.779970 -28.073628
-26.009141 -24.971329 -29.131934
-23.937129 -25.849103 -29.872952
-27.467099 -23.096414 -28.302867
-23.926685 -25.833796 -30.083936
-26.125227 -24.844954 -28.823044
-26.213332 -25.174956 -28.366412
-25.891325 -25.495265 -28.078760
-25.388449 -24.844305 -29.700623
-26.711314 -24.574000 -26.816173
-23.909429 -25.899028 -28.981269
-26.324623 -23.780722 -29.694769
-25.768922 -24.499565 -29.378439
-25.544685 -25.608343 -28.232894
-27.286435 -23.644916 -28.639428
-25.359409 -25.086514 -29.745100
-26.892889 -23.190671 -29.071141
-24.944685 -25.884382 -28.187500
-24.575671 -25.613237 -29.125894
-24.480948 -26.148023 -27.419045
-25.061546 -25.252058 -28.963285
-26.337402 -25.133834 -27.236132
-24.200734 -24.761900 -30.214382
-26.590593 -24.138149 -28.924090
-24.849496 -25.917378 -28.598934
-25.213004 -25.818652 -28.444667
-26.937858 -23.889928 -27.448691
-25.914663 -24.176617 -29.955316
-26.859681 -23.901246 -29.137456
-25.571361 -25.506544 -26.083890
-26.020243 -25.300581 -26.808662
-27.460655 -23.731946 -26.709298
-26.978283 -24.427392 -27.123890
-25.397229 -25.446270 -28.503140
-24.537187 -25.662671 -29.644298
-26.780822 -24.214971 -28.739442
-25.545349 -25.199153 -28.956450
-25.841404 -25.248515 -28.779245
-24.236979 -24.494129 -30.261694
-25.142354 -24.318309 -30.040575
-25.950908 -23.908846 -30.002628
-24.840408 -25.953464 -26.893168
-24.858424 -25.437055 -29.643509
-23.662210 -26.205463 -28.745744
