-28.013103 -22.166664 -27.228201
-21.946949 -26.244246 -29.448849
-28.128127 -22.587407 -26.581320
-22.104890 -26.883899 -28.510405
-23.013583 -25.137881 -30.645469
-26.542864 -24.570046 -25.922582
-27.385428 -24.070682 -26.412603
-26.061952 -25.321351 -26.007374
-27.739133 -22.383793 -27.598410
-24.873044 -25.495239 -28.500250
-26.443654 -23.017217 -29.757001
-25.549340 -25.453523 -26.857608
-27.009853 -22.721097 -28.882662
-23.024027 -25.153188 -30.434485
-24.038931 -24.891085 -30.236444
-27.955605 -22.871374 -27.069928
-23.161039 -25.299954 -30.375223
-24.301187 -25.786529 -28.312634
-26.716227 -24.143694 -29.159330
-22.536125 -26.352717 -29.192770
-22.929018 -26.090466 -28.988350
-23.709116 -24.818301 -30.639016
-24.379573 -25.082799 -29.864814
-27.183237 -22.879073 -28.753972
-25.072985 -25.804928 -27.850881
-25.764878 -23.703740 -29.649397
-27.296201 -23.869387 -28.121162
-27.066203 -23.193202 -28.806309
-22.358862 -26.823185 -27.702103
-24.179555 -26.185505 -27.829022
-27.488604 -22.990954 -27.769016
-25.901884 -25.244843 -28.036653
-25.974286 -23.319501 -29.904327
-25.668170 -23.248123 -30.049680
-24.102016 -26.145729 -28.464836
-24.735685 -23.539490 -30.145231
-22.332801 -25.679680 -29.704272
-27.641033 -22.943869 -28.099256
-22.507245 -26.043341 -29.391678
-23.214512 -25.882232 -29.093838
-23.601031 -26.496270 -28.363245
-26.404930 -24.687612 -26.989415
-24.565227 -25.597930 -29.336878
-23.900081 -26.421345 -27.411068
-22.414493 -26.751693 -28.709158
-23.751543 -26.406670 -28.647949
-23.467462 -25.584607 -29.601529
-25.477555 -24.862249 -28.947898
-22.746842 -25.875307 -29.227912
-25.219284 -23.913801 -29.957566
-26.206612 -24.309228 -29.507716
-26.055933 -24.928171 -26.876946
-23.968903 -25.960201 -28.842283
-25.846958 -24.631928 -29.027235
-25.525400 -23.985179 -29.812213
-27.352055 -24.003168 -27.107216
-22.292838 -26.306542 -29.237700
-27.857668 -23.433113 -27.007202
-26.898497 -24.428807 -27.366967
-25.402826 -25.179454 -29.418990
-24.687104 -25.382600 -29.288900
-26.285343 -24.396544 -28.788252
-27.472930 -23.375325 -28.414816
-26.361113 -24.604791 -27.895012
-27.777368 -23.691312 -27.436692
-22.771077 -25.450813 -29.926794
-26.139602 -24.719492 -28.211375
-23.690925 -26.591345 -27.167972
-23.905118 -26.263900 -28.615233
-27.651489 -23.502121 -27.733042
-25.170947 -24.984017 -29.553447
-27.033540 -24.226546 -26.529257
-23.605802 -26.729618 -28.071072
-25.818365 -24.945108 -28.212164
-23.419862 -26.616979 -28.859722
-24.256059 -24.746987 -29.910388
-25.699502 -24.469855 -29.297481
-26.863683 -24.305767 -28.889084
-22.171019 -25.637245 -30.155448
-25.348171 -25.645017 -27.563190
-25.110326 -24.361384 -29.553560
-26.886080 -24.527918 -26.485319
-24.401066 -26.070804 -27.512659
-25.616390 -25.453077 -27.931165
-27.077279 -23.596378 -28.501316
-26.802954 -23.805623 -29.329584
-24.616132 -25.849938 -27.538841
-23.445284 -25.410829 -30.103900
-26.655498 -23.643550 -29.599830
-27.837984 -23.232530 -27.508430
-23.678570 -26.536046 -27.727431
-23.393076 -26.744280 -27.621943
-25.231331 -25.895506 -27.525992
-22.199899 -25.946621 -29.956540
-26.161925 -24.825035 -27.269259
-27.020374 -24.213477 -27.318989
-26.647715 -24.535051 -28.375801
-23.335592 -25.657098 -29.601124
-27.019372 -23.800964 -28.674567
-27.430316 -23.421279 -28.064114
