-21.297151	-26.063339	-29.101528
-19.841336	-26.060607	-29.191383
-21.697277	-26.433707	-28.748192
-21.297668	-26.490675	-28.815987
-21.444272	-26.199374	-28.864553
-20.353473	-27.062314	-28.293978
-20.866392	-26.559584	-28.590836
-22.722114	-26.660964	-27.823643
-20.180666	-27.66817	-26.555375
-21.610781	-26.936267	-28.0111
-21.826747	-26.877142	-28.268368
-21.848361	-27.538406	-26.969742
-22.229163	-27.16059	-27.542804
-22.131114	-27.362224	-27.487357
-21.773119	-27.443283	-27.497547
-21.955228	-27.304547	-27.68031
-21.848361	-27.538406	-26.969742
-21.914981	-27.167797	-27.88137
-21.773119	-27.443283	-27.497547
-21.773119	-27.443283	-27.497547
-20.420232	-27.660604	-26.595178
-20.420232	-27.660604	-26.595178
-21.773119	-27.443283	-27.497547
-21.802038	-27.654006	-26.810043
-20.782624	-27.446908	-27.009879
-20.873427	-27.443562	-27.048571
-21.848361	-27.538406	-26.969742
-20.180666	-27.66817	-26.555375
-22.01487	-27.364317	-26.886856
-23.302273	-24.338403	-31.168238
-23.398998	-24.342402	-31.032741
-22.839187	-24.665584	-31.060335
-23.302273	-24.338403	-31.168238
-22.480619	-25.420531	-30.506129
-22.839187	-24.665584	-31.060335
-23.304747	-24.627098	-30.984074
-22.251494	-25.030572	-30.759335
-22.802942	-24.933355	-31.013023
-23.149305	-25.141483	-30.66661
-22.253527	-25.38048	-30.727361
-23.588175	-24.84222	-30.41988
-22.517825	-25.592082	-30.038543
-23.304747	-24.627098	-30.984074
-22.251494	-25.030572	-30.759335
-22.156654	-25.719638	-30.113214
-22.517825	-25.592082	-30.038543
-22.451739	-25.111155	-30.705037
-22.852187	-25.400058	-30.106761
-22.71807	-25.672665	-29.984245
-22.950398	-25.095428	-30.742777
-21.16391	-26.218285	-28.881495
-21.980592	-26.006318	-29.294576
-22.48885	-26.001609	-28.848155
-22.431396	-25.946547	-29.213412
-22.226301	-26.288216	-28.824625
-22.226301	-26.288216	-28.824625
-21.834851	-26.329266	-28.717699
-21.488488	-26.121138	-29.064112
-21.834851	-26.329266	-28.717699
-22.290837	-26.833383	-27.769789
-22.550318	-26.104586	-28.727687
-22.446608	-26.7104	-27.916298
-22.420952	-25.93124	-29.424396
-22.55141	-26.710464	-27.854759
-22.290386	-26.675407	-28.510777
-22.331084	-26.970133	-27.568729
-22.858297	-26.79925	-27.596626
-22.195186	-26.81139	-28.047194
-22.749372	-26.597613	-28.040683
-22.331084	-26.970133	-27.568729
-22.355184	-26.755223	-28.193956
-21.960391	-27.052304	-27.715218
-22.561835	-27.407624	-26.449418
-22.644334	-26.859921	-27.553293
-23.489522	-27.146695	-27.054317
-22.598693	-27.310658	-26.797119
-22.277456	-27.536274	-26.797908
-22.684581	-26.996671	-27.352233
-21.837191	-26.892449	-28.057384
-23.12087	-27.151464	-27.182936
-21.770979	-27.697385	-26.050123
-22.561835	-27.407624	-26.449418
-23.479994	-25.106718	-30.064663
-24.775186	-24.711136	-30.579111
-25.018676	-24.041815	-30.725008
-25.018676	-24.041815	-30.725008
-24.913798	-24.514682	-30.136713
-24.18601	-24.602665	-30.83519
-23.147272	-24.791575	-30.698584
-23.147272	-24.791575	-30.698584
-24.133221	-24.684155	-30.619242
-24.332128	-24.73021	-30.543075
-24.494349	-24.727166	-30.045873
-24.494349	-24.727166	-30.045873
-23.910578	-24.797197	-30.514294
-23.47912	-25.214267	-30.264038
-23.910578	-24.797197	-30.514294
-24.631385	-25.13676	-29.858705
-23.588175	-24.84222	-30.41988
-24.35852	-25.867219	-29.4652
-23.33573	-25.373927	-29.944423
-22.465216	-25.958251	-28.891788
-23.873896	-25.915286	-29.867988
-23.636311	-26.612399	-27.83224
-24.642922	-25.88118	-28.188985
-24.307625	-25.918492	-28.134156
-23.929508	-26.451524	-28.138871
-22.465216	-25.958251	-28.891788
-23.91954	-26.40128	-28.521528
-24.389972	-26.178805	-27.681294
-23.818794	-26.674613	-27.71104
-23.525597	-26.835488	-27.404409
-22.934383	-26.740984	-27.769639
-24.284773	-26.650549	-26.723335
-24.626007	-26.327649	-27.413086
-23.576288	-26.987545	-26.992365
-23.565844	-26.972238	-27.203349
-23.711585	-26.64929	-27.780226
-23.897525	-26.761929	-26.991576
-23.526789	-26.883028	-27.320759
-23.677361	-26.773993	-27.084925
-24.299529	-26.199703	-27.561562
-24.314738	-26.603509	-27.031218
-23.732674	-26.831239	-26.827598
-23.660577	-26.887182	-26.370072
-22.644334	-26.859921	-27.553293
-22.880755	-27.307125	-26.998818
-23.690808	-26.755565	-27.077059
-22.919239	-27.257691	-26.480414
-23.721178	-26.856814	-26.179328
-23.793844	-26.940289	-25.7961
-25.100722	-24.720194	-29.873056
-25.791793	-23.993613	-29.880567
-25.100722	-24.720194	-29.873056
-25.018676	-24.041815	-30.725008
-25.012185	-24.523816	-30.130467
-24.816752	-24.682143	-30.140287
-25.16576	-24.381046	-30.097751
-25.582142	-24.30633	-29.706762
-25.834407	-23.947659	-30.231269
-25.001741	-24.508509	-30.341451
-25.260187	-25.113562	-29.307331
-24.042209	-25.028289	-30.114784
-25.390962	-24.587886	-29.372013
-25.166821	-24.914682	-29.455852
-24.830314	-25.209665	-29.099938
-23.910955	-25.24769	-29.645302
-24.494349	-24.727166	-30.045873
-23.655659	-25.040209	-30.223001
-24.816752	-24.682143	-30.140287
-24.802535	-24.795264	-29.859712
-24.837907	-25.86843	-28.668092
-24.447081	-25.453739	-28.973693
-23.910578	-24.797197	-30.514294
-25.437273	-25.182358	-29.187664
-24.150565	-26.115229	-28.723898
-24.231117	-25.884299	-28.209656
-24.494949	-25.291771	-28.744772
-24.193005	-26.235426	-27.613932
-23.941863	-26.506823	-27.579412
-23.818794	-26.674613	-27.71104
-24.642922	-25.88118	-28.188985
-24.552479	-25.902078	-28.069253
-24.522463	-25.971994	-28.046123
-23.857278	-26.625179	-27.192636
-24.707436	-26.081617	-27.188946
-24.458345	-26.410495	-27.381159
-23.804288	-26.955596	-25.585116
-24.358791	-26.731368	-26.487021
-24.025631	-26.744387	-25.463686
-24.916512	-26.120253	-25.068638
-25.834407	-23.947659	-30.231269
-24.671011	-25.005091	-29.56341
-25.15456	-23.333319	-30.233719
-24.749476	-24.86718	-29.816944
-24.671011	-25.005091	-29.56341
-25.322365	-24.112088	-30.040273
-25.550077	-24.503119	-29.494074
-24.816752	-24.682143	-30.140287
-25.012185	-24.523816	-30.130467
-25.863211	-24.045138	-29.017834
-24.494949	-25.291771	-28.744772
-25.708679	-24.907558	-27.656553
-24.81027	-25.467808	-28.732278
-24.684443	-26.476827	-27.262349
-25.379139	-25.654639	-28.568623
-24.156588	-26.376682	-27.827537
-24.911608	-25.912634	-27.042806
-26.302474	-23.663386	-29.393518
-26.019721	-23.839568	-28.875903
-25.473589	-24.641893	-28.809012
-25.676427	-24.530871	-28.473708
-25.696651	-25.051265	-28.316702
-26.107976	-24.445841	-27.584402
-25.986099	-24.661171	-27.63238
-25.696651	-25.051265	-28.316702
-25.597097	-25.372138	-27.422564
-25.265286	-25.663371	-26.042909
-25.265286	-25.663371	-26.042909
-25.612557	-25.527213	-27.008876
-24.980669	-25.685589	-26.144975
-24.886939	-26.037233	-26.864511
-24.886939	-26.037233	-26.864511
-24.952568	-25.886593	-25.217411
-25.265286	-25.663371	-26.042909
-26.739097	-23.044554	-28.461145
-26.775342	-22.776783	-28.508457
-25.864535	-24.134645	-28.684663
-26.03181	-24.075165	-28.504176
-26.424643	-23.420781	-28.431746
-25.033855	-24.73853	-29.468454
-25.945852	-24.524421	-27.83344
-25.907368	-24.573855	-28.351844
-25.621045	-24.803966	-28.538766
-25.721782	-25.131422	-27.126841
-25.907368	-24.573855	-28.351844
-25.731133	-24.59731	-28.04667
-25.521491	-25.124839	-27.644628
-25.788194	-24.843162	-26.387721
-26.214099	-24.629222	-26.225131
-25.265286	-25.663371	-26.042909
-25.74392	-25.033884	-26.195777
-26.101027	-24.88324	-26.099336
-25.74392	-25.033884	-26.195777
-24.919792	-25.827317	-25.717832
-25.729703	-25.147005	-25.915202
-24.771613	-26.200506	-25.1007
-25.048797	-25.847031	-25.644108
-24.952568	-25.886593	-25.217411
-26.775342	-22.776783	-28.508457
-26.992697	-23.740575	-27.633957
-26.057668	-24.185134	-27.606393
-26.428293	-24.101345	-26.741609
-25.771519	-24.93824	-26.004116
-26.478601	-24.362052	-26.719618
-26.103365	-24.801617	-24.812581
-27.111568	-23.182879	-27.744687
-26.057668	-24.185134	-27.606393
-26.86445	-23.760033	-26.747803
-26.428293	-24.101345	-26.741609
-26.491712	-24.091116	-27.532366
-26.828014	-23.904747	-26.99587
-26.789813	-23.961476	-25.85563
-26.428293	-24.101345	-26.741609
-26.939674	-23.831577	-26.705659
-26.585835	-24.27746	-25.559267
-26.428293	-24.101345	-26.741609
-26.4112	-24.485436	-26.135009
-26.263418	-24.816875	-24.498558
-26.145979	-24.755663	-25.163283
-26.374955	-24.753207	-26.087697
-25.933681	-25.355926	-25.882553
-26.818261	-24.256933	-25.022158
-26.010558	-25.100357	-25.856615
-26.578629	-24.35424	-24.956208
-26.845694	-22.993001	-27.784387
-27.13464	-23.473904	-26.413003
-27.432358	-23.470537	-25.735458
-26.491712	-24.091116	-27.532366
-26.698306	-24.101912	-25.445736
-26.818261	-24.256933	-25.022158
-26.11423	-24.774739	-25.336819
-26.858667	-23.837148	-24.879354
-26.858667	-23.837148	-24.879354
-26.818261	-24.256933	-25.022158
-27.949322	-23.02694	-26.3182
-27.949322	-23.02694	-26.3182
-27.156177	-23.323359	-27.334927
-27.280675	-23.460327	-26.184682
-26.858667	-23.837148	-24.879354
-26.742035	-24.16471	-25.183001
-26.446344	-24.627462	-24.380738
-27.176387	-23.749487	-24.494132
-28.071199	-22.81161	-26.270222
-27.890058	-23.261539	-27.742407
-27.662216	-23.410464	-27.007473
-27.949322	-23.02694	-26.3182
-27.971645	-23.132483	-25.376084
-27.064601	-23.732206	-26.268645
-27.659491	-23.510438	-24.108918
-26.837269	-24.086595	-24.008116
-27.218217	-24.113157	-23.903774
-26.742035	-24.16471	-25.183001
-27.35602	-23.690028	-25.652153
-27.35602	-23.690028	-25.652153
-28.071199	-22.81161	-26.270222
-28.078254	-22.593201	-26.607999
-27.890058	-23.261539	-27.742407
-28.275715	-22.805622	-24.992447
-27.971645	-23.132483	-25.376084
-28.008499	-23.209341	-24.066382
-27.971645	-23.132483	-25.376084
-27.583265	-23.418215	-24.269761
-28.071199	-22.81161	-26.270222
-28.118501	-22.729951	-26.406939
-28.180294	-22.739145	-25.959648
-28.115249	-23.05247	-24.09943
-28.092847	-22.865516	-24.945004
-27.659491	-23.510438	-24.108918
-28.1902	-22.74829	-25.488521
-28.275715	-22.805622	-24.992447
-28.428931	-22.479978	-25.597716
-28.275715	-22.805622	-24.992447
-28.351259	-22.699844	-24.162855
-28.621848	-21.889251	-25.507864
-28.070451	-23.055715	-24.850728
-28.626754	-21.463793	-24.87526
-28.215144	-22.706375	-25.220895
-28.754002	-20.913426	-24.487814
-28.283725	-22.484945	-26.463121
-28.545255	-22.473621	-25.908911
-28.410472	-22.083439	-25.964955
-28.727136	-20.997878	-23.995282
-28.708904	-21.483693	-24.735101
-28.545255	-22.473621	-25.908911
-28.831081	-20.563651	-24.339866
-28.754002	-20.913426	-24.487814
-28.727136	-20.997878	-23.995282
-28.754002	-20.913426	-24.487814
-28.704734	-20.810924	-24.840856
-28.727136	-20.997878	-23.995282
-28.831081	-20.563651	-24.339866
-28.754002	-20.913426	-24.487814
-28.686502	-21.296739	-25.580675
-28.708904	-21.483693	-24.735101
-28.667246	-21.510891	-24.208995
-28.686502	-21.296739	-25.580675
-28.704734	-20.810924	-24.840856
-28.770355	-20.735889	-23.16941
-28.545255	-22.473621	-25.908911
-28.717757	-21.181197	-24.440502
-28.731337	-20.209469	-24.51159
-28.717757	-21.181197	-24.440502
-28.713755	-20.776676	-24.688874
-28.838734	-20.240147	-23.672516
-28.626754	-21.463793	-24.87526
-28.866079	-19.668433	-23.156532
-28.838734	-20.240147	-23.672516
-28.717757	-21.181197	-24.440502
-28.781327	-20.226554	-24.439809
-28.831081	-20.563651	-24.339866
-28.713755	-20.776676	-24.688874
-28.831081	-20.563651	-24.339866
-28.713755	-20.776676	-24.688874
-28.838734	-20.240147	-23.672516
-28.770355	-20.735889	-23.16941
-28.772023	-20.569167	-23.756588
-28.831081	-20.563651	-24.339866
-28.772023	-20.569167	-23.756588
-28.598239	-21.648811	-25.560437
-28.772023	-20.569167	-23.756588
-28.598239	-21.648811	-25.560437
-27.996026	-22.677117	-27.013801
-27.12405	-23.45105	-27.010381
-27.21668	-23.44999	-27.215258
-27.332518	-22.590783	-27.964343
-28.150772	-22.297099	-26.816092
-26.710647	-24.078868	-28.38115
