-23.302273 -24.338403 -31.168238
-27.047226 -23.570815 -28.180781
-25.474056 -25.249304 -29.309587
-25.540280 -25.616671 -27.262740
-24.168243 -25.746109 -29.204422
-24.992289 -24.767523 -29.907278
-23.450246 -24.927812 -30.612451
-24.775186 -24.711136 -30.579111
-24.717502 -26.180207 -27.027501
-25.590917 -24.616980 -30.085372
-27.643128 -23.286595 -26.886351
-26.035425 -25.095720 -27.542033
-25.176862 -25.786813 -27.738099
-25.661018 -24.519289 -29.815885
-24.828352 -25.080139 -29.926067
-26.166631 -23.949234 -29.715871
-23.453882 -26.197362 -28.427442
-24.385346 -25.802496 -28.532589
-25.465798 -25.365990 -28.645436
-23.698108 -25.802194 -29.593475
-26.471743 -24.685137 -27.864995
-22.478145 -25.131836 -30.690293
-26.752472 -23.875923 -29.206642
-26.527457 -23.899671 -29.652854
-27.127127 -23.537068 -26.543332
-24.461580 -23.640011 -30.585517
-23.807886 -23.768348 -31.068224
-23.700141 -26.152102 -29.561501
-23.229851 -26.705710 -27.232247
-26.963189 -23.398513 -29.241784
-26.246859 -24.445978 -29.306656
-26.724693 -24.387512 -28.372686
-24.897449 -25.456589 -29.261157
-23.944615 -24.815877 -30.259115
-25.940299 -23.574202 -29.876994
-26.152761 -25.075709 -28.594860
-27.552839 -23.000760 -28.080767
-24.658325 -25.343460 -29.803326
-24.385821 -26.390516 -27.239274
-23.951058 -25.504569 -30.101166
-25.057523 -26.178698 -28.100240
