-22.123086	-23.155527	-31.226733
-22.839187	-24.665584	-31.060335
-22.53204	-25.909101	-29.548264
-21.297151	-26.063339	-29.101528
-22.546671	-25.893285	-28.951013
-22.655313	-25.703911	-30.150954
-20.866392	-26.559584	-28.590836
-20.891725	-26.448106	-28.662011
-21.076063	-26.342429	-28.807502
-20.891725	-26.448106	-28.662011
-22.454372	-26.025668	-29.371962
-22.604568	-26.6682	-28.172211
-21.826747	-26.877142	-28.268368
-21.569252	-26.558362	-28.312674
-22.050045	-26.25892	-28.881299
-21.587181	-26.884708	-28.228565
-22.49348	-26.690339	-28.048343
-21.464493	-26.508851	-28.318917
-21.221054	-27.259749	-27.839142
-21.824714	-26.527234	-28.300342
-22.381982	-27.048217	-27.182282
-20.420232	-27.660604	-26.595178
-22.022136	-27.012429	-27.986574
-21.773119	-27.443283	-27.497547
-22.023126	-27.374916	-27.104069
-20.420232	-27.660604	-26.595178
-22.53009	-26.903596	-27.22791
-20.420232	-27.660604	-26.595178
-20.180666	-27.66817	-26.555375
-21.802038	-27.654006	-26.810043
-20.420232	-27.660604	-26.595178
-19.748438	-27.732872	-26.398797
-20.420232	-27.660604	-26.595178
-21.054214	-27.705759	-26.347839
-21.770979	-27.697385	-26.050123
-20.180666	-27.66817	-26.555375
-22.820875	-27.580082	-26.920799
-21.812962	-24.276965	-31.188102
-22.048173	-24.770367	-30.766844
-22.251494	-25.030572	-30.759335
-22.251494	-25.030572	-30.759335
-23.302273	-24.338403	-31.168238
-23.304747	-24.627098	-30.984074
-22.287739	-24.762801	-30.806647
-22.287739	-24.762801	-30.806647
-23.398443	-24.160208	-31.022179
-23.588175	-24.84222	-30.41988
-22.451739	-25.111155	-30.705037
-23.149305	-25.141483	-30.66661
-22.451739	-25.111155	-30.705037
-22.597857	-25.2387	-30.412922
-22.558072	-25.728832	-29.837483
-23.147272	-24.791575	-30.698584
-23.147272	-24.791575	-30.698584
-22.453772	-25.461063	-30.673063
-22.400983	-25.542553	-30.457115
-22.27771	-25.747743	-29.854425
-22.465216	-25.958251	-28.891788
-22.157254	-26.284243	-28.812113
-22.454372	-26.025668	-29.371962
-22.588489	-25.753061	-29.494478
-22.157254	-26.284243	-28.812113
-22.852787	-25.964663	-28.80566
-21.287183	-26.013095	-29.484185
-21.834851	-26.329266	-28.717699
-22.400067	-26.184586	-28.902447
-22.157254	-26.284243	-28.812113
-22.331084	-26.970133	-27.568729
-22.944827	-26.756291	-27.558655
-21.989597	-27.168156	-27.503001
-22.775461	-26.785316	-27.367001
-22.74643	-26.392714	-28.556034
-22.386613	-26.924198	-27.337775
-22.199957	-27.044738	-27.755021
-22.066786	-26.758531	-28.257547
-22.840967	-26.840365	-27.187466
-22.934383	-26.740984	-27.769639
-23.244392	-26.673489	-27.324639
-22.644334	-26.859921	-27.553293
-22.469849	-27.019635	-27.299136
-22.815708	-26.922066	-27.165941
-22.815708	-26.922066	-27.165941
-22.199957	-27.044738	-27.755021
-22.220756	-27.023695	-27.458597
-22.815708	-26.922066	-27.165941
-22.391384	-27.157546	-27.045602
-22.880755	-27.307125	-26.998818
-23.283091	-27.14842	-26.685734
-22.880755	-27.307125	-26.998818
-23.103184	-27.21617	-25.549967
-23.169002	-24.738368	-30.657763
-24.816752	-24.682143	-30.140287
-23.147272	-24.791575	-30.698584
-23.588175	-24.84222	-30.41988
-23.910578	-24.797197	-30.514294
-23.55528	-24.61098	-30.573816
-24.18601	-24.602665	-30.83519
-24.332128	-24.73021	-30.543075
-24.039229	-24.789642	-30.044002
-24.816752	-24.682143	-30.140287
-23.910578	-24.797197	-30.514294
-23.47912	-25.214267	-30.264038
-23.951058	-25.504569	-30.101166
-23.963744	-25.1662	-29.86125
-24.091576	-25.090839	-30.035911
-22.745578	-25.93934	-28.874846
-24.670908	-25.748608	-28.689715
-22.745578	-25.93934	-28.874846
-23.346479	-25.933818	-28.742904
-23.29369	-26.015308	-28.526956
-23.929508	-26.451524	-28.138871
-23.068658	-26.624441	-27.673632
-24.642922	-25.88118	-28.188985
-23.336719	-26.582279	-27.456555
-22.815708	-26.922066	-27.165941
-23.347163	-26.597586	-27.245571
-23.938675	-26.074068	-27.920093
-22.815708	-26.922066	-27.165941
-23.283091	-27.14842	-26.685734
-23.573478	-26.630564	-27.157087
-23.91954	-26.40128	-28.521528
-23.494135	-26.913176	-26.364919
-23.677361	-26.773993	-27.084925
-22.791094	-26.980027	-27.096912
-23.677361	-26.773993	-27.084925
-22.992272	-27.10888	-26.880394
-23.600006	-26.787935	-26.59852
-23.636787	-26.577462	-28.003913
-23.923448	-26.649982	-26.917571
-23.672932	-26.942481	-25.810613
-23.069811	-27.148656	-26.24458
-23.537233	-26.898335	-27.109775
-23.898158	-26.762413	-26.454026
-23.069811	-27.148656	-26.24458
-24.294326	-26.537958	-27.624859
-23.352564	-26.972474	-26.762195
-23.069811	-27.148656	-26.24458
-25.018676	-24.041815	-30.725008
-25.509802	-24.634155	-29.561872
-26.056071	-23.27583	-29.64967
-24.816752	-24.682143	-30.140287
-24.2484	-24.533415	-30.778293
-24.816752	-24.682143	-30.140287
-24.295425	-24.955891	-29.649477
-24.506634	-24.206244	-30.534012
-24.749476	-24.86718	-29.816944
-25.062098	-24.089351	-30.316528
-24.885642	-25.589814	-28.97125
-24.326588	-24.899639	-29.766294
-24.127763	-25.038737	-29.61755
-24.741223	-24.716995	-30.111046
-24.632987	-24.921464	-29.120506
-24.35852	-25.867219	-29.4652
-24.474044	-25.061712	-29.496048
-24.231117	-25.884299	-28.209656
-24.776583	-25.626808	-27.764102
-24.57924	-26.336339	-27.525705
-24.231117	-25.884299	-28.209656
-23.925506	-26.047003	-28.387243
-24.552479	-25.902078	-28.069253
-24.284773	-26.650549	-26.723335
-24.752816	-25.912244	-27.586338
-24.284773	-26.650549	-26.723335
-24.375183	-26.364378	-26.336536
-24.965679	-25.950523	-26.994429
-24.358791	-26.731368	-26.487021
-23.703806	-26.696021	-26.581585
-24.561617	-26.36599	-25.707826
-25.061152	-25.90233	-25.084649
-23.660577	-26.887182	-26.370072
-23.957863	-26.812826	-25.5524
-23.798717	-26.89659	-25.543514
-23.494135	-26.913176	-26.364919
-24.025631	-26.744387	-25.463686
-23.672932	-26.942481	-25.810613
-25.767204	-24.116866	-29.283538
-24.617845	-24.636088	-30.216454
-24.349912	-24.930913	-29.630379
-24.935623	-24.124447	-30.251017
-25.191196	-24.813578	-29.831111
-25.590917	-24.61698	-30.085372
-24.952701	-25.012318	-28.968717
-25.599354	-24.588426	-28.570006
-25.370081	-25.144626	-28.704684
-25.074102	-24.87528	-29.267394
-25.031781	-25.353107	-28.415915
-24.366835	-25.036389	-29.565234
-24.366835	-25.036389	-29.565234
-25.232043	-25.514933	-28.32895
-25.059044	-25.74209	-26.809137
-23.660577	-26.887182	-26.370072
-24.520822	-26.48804	-25.890673
-24.618604	-26.46253	-25.113459
-26.370148	-23.56459	-28.584649
-25.907368	-24.573855	-28.351844
-25.601612	-23.515156	-29.671298
-25.580798	-24.667216	-28.739826
-26.163981	-23.828498	-29.445905
-25.987578	-24.790459	-27.936199
-25.832918	-24.182902	-28.435746
-26.097701	-24.226714	-28.388191
-25.096593	-25.237697	-28.545356
-25.621045	-24.803966	-28.538766
-25.096593	-25.237697	-28.545356
-25.504164	-25.137779	-26.919545
-25.232043	-25.514933	-28.32895
-25.478356	-25.15816	-27.025515
-24.997039	-25.55857	-27.651218
-25.705436	-25.083318	-26.714181
-25.705436	-25.083318	-26.714181
-25.438109	-25.02141	-27.226575
-25.323562	-25.418401	-25.932138
-24.407915	-26.308366	-27.851005
-25.290976	-25.474318	-27.080711
-24.785139	-26.017789	-26.396212
-25.053448	-25.863144	-26.781625
-26.269729	-23.346838	-28.608471
-26.079393	-24.263752	-26.950533
-26.063239	-24.24414	-27.647995
-26.099484	-23.976369	-27.695307
-25.735135	-25.001831	-27.798298
-26.829724	-24.071677	-25.949062
-26.019172	-24.506575	-26.845994
-26.055719	-24.922736	-25.460178
-25.715203	-25.309125	-26.617962
-25.872865	-24.952122	-25.53538
-25.793308	-25.175711	-25.331782
-25.225039	-25.526621	-26.243969
-25.595914	-25.353947	-26.2027
-25.595914	-25.353947	-26.2027
-26.61553	-24.599554	-25.432584
-26.055719	-24.922736	-25.460178
-27.111568	-23.182879	-27.744687
-26.564625	-23.254193	-28.473315
-26.775342	-22.776783	-28.508457
-26.779344	-23.181304	-28.260085
-26.779344	-23.181304	-28.260085
-26.395082	-24.062317	-26.895129
-26.574338	-23.801191	-27.595784
-26.17509	-24.223668	-27.473243
-26.307122	-24.20491	-26.669719
-26.391802	-23.903234	-27.277764
-26.326481	-23.988774	-27.426747
-26.023264	-24.436293	-26.583777
-26.428293	-24.101345	-26.741609
-26.428293	-24.101345	-26.741609
-26.214099	-24.629222	-26.225131
-25.74392	-25.033884	-26.195777
-25.96025	-24.83965	-25.878606
-25.815144	-25.076389	-26.115291
-26.145979	-24.755663	-25.163283
-25.356732	-25.429738	-25.489037
-25.982573	-24.945193	-24.93649
-26.055719	-24.922736	-25.460178
-25.265286	-25.663371	-26.042909
-25.525605	-25.374565	-26.131342
-26.739097	-23.044554	-28.461145
-26.739097	-23.044554	-28.461145
-26.828014	-23.904747	-26.99587
-26.428293	-24.101345	-26.741609
-26.304111	-24.151715	-27.334324
-26.463727	-23.935952	-26.612241
-26.428293	-24.101345	-26.741609
-27.388591	-22.250862	-27.785817
-26.84248	-23.419782	-27.531321
-27.132009	-23.408183	-26.432774
-26.639507	-23.707302	-27.345536
-27.132009	-23.408183	-26.432774
-26.980122	-23.862279	-26.881821
-26.47779	-24.46443	-26.542938
-26.463727	-23.935952	-26.612241
-26.818261	-24.256933	-25.022158
-26.662061	-24.369683	-25.398424
-26.374955	-24.753207	-26.087697
-26.742035	-24.16471	-25.183001
-27.242471	-22.704633	-27.946754
-27.083283	-23.520276	-27.122995
-26.935229	-24.236517	-24.758804
-26.935229	-24.236517	-24.758804
-26.662061	-24.369683	-25.398424
-26.985142	-23.802052	-24.944865
-26.554809	-24.174135	-26.552345
-26.818261	-24.256933	-25.022158
-26.742035	-24.16471	-25.183001
-27.140142	-24.017258	-24.44682
-26.818261	-24.256933	-25.022158
-28.082256	-22.997722	-26.359627
-28.242269	-22.790225	-25.932828
-27.267228	-23.478755	-26.192548
-27.959383	-23.150897	-26.497269
-27.890058	-23.261539	-27.742407
-28.078254	-22.593201	-26.607999
-27.929031	-23.178437	-25.025382
-27.92179	-23.24457	-25.46661
-27.285234	-23.797648	-25.64491
-26.818261	-24.256933	-25.022158
-27.971645	-23.132483	-25.376084
-26.905264	-24.283557	-24.450921
-27.35602	-23.690028	-25.652153
-28.03977	-22.642635	-27.126403
-27.35602	-23.690028	-25.652153
-27.35602	-23.690028	-25.652153
-28.115249	-23.05247	-24.09943
-26.838973	-23.872304	-25.205396
-27.35602	-23.690028	-25.652153
-28.118501	-22.729951	-26.406939
-27.868062	-23.525599	-25.843149
-28.275715	-22.805622	-24.992447
-28.078254	-22.593201	-26.607999
-28.275715	-22.805622	-24.992447
-27.971645	-23.132483	-25.376084
-28.545255	-22.473621	-25.908911
-27.686665	-23.76798	-24.852363
-28.283725	-22.484945	-26.463121
-28.410472	-22.083439	-25.964955
-27.971645	-23.132483	-25.376084
-28.410472	-22.083439	-25.964955
-28.351259	-22.699844	-24.162855
-28.115249	-23.05247	-24.09943
-28.27049	-22.902251	-25.620881
-28.754002	-20.913426	-24.487814
-28.727136	-20.997878	-23.995282
-28.667246	-21.510891	-24.208995
-28.598239	-21.648811	-25.560437
-28.735201	-21.288101	-23.92453
-28.410472	-22.083439	-25.964955
-28.838734	-20.240147	-23.672516
-28.708904	-21.483693	-24.735101
-28.713755	-20.776676	-24.688874
-28.831081	-20.563651	-24.339866
-28.772023	-20.569167	-23.756588
-28.621848	-21.889251	-25.507864
-28.686502	-21.296739	-25.580675
-28.717757	-21.181197	-24.440502
-28.770355	-20.735889	-23.16941
-28.667246	-21.510891	-24.208995
-28.708904	-21.483693	-24.735101
-28.410472	-22.083439	-25.964955
-28.831081	-20.563651	-24.339866
-28.727136	-20.997878	-23.995282
-28.731337	-20.209469	-24.51159
-28.772023	-20.569167	-23.756588
-28.598239	-21.648811	-25.560437
-28.772023	-20.569167	-23.756588
-28.704734	-20.810924	-24.840856
-28.545255	-22.473621	-25.908911
-28.838734	-20.240147	-23.672516
-28.838734	-20.240147	-23.672516
-28.754002	-20.913426	-24.487814
-28.772023	-20.569167	-23.756588
-28.754002	-20.913426	-24.487814
-28.831081	-20.563651	-24.339866
-28.704734	-20.810924	-24.840856
-28.781327	-20.226554	-24.439809
-28.770355	-20.735889	-23.16941
-28.437878	-21.913575	-26.126819
-28.080136	-22.384272	-26.677012
-27.011579	-23.534196	-25.713452
