-22.337467 -24.302785 -30.496983
-23.536131 -24.101132 -30.929012
-27.940736 -21.415014 -26.329698
-25.937263 -25.322196 -25.916227
-23.721716 -26.832136 -27.070590
-22.730210 -26.379753 -28.396237
-27.902174 -22.053888 -26.444675
-27.054899 -21.638485 -28.542429
-26.895984 -22.388687 -29.123910
-27.168120 -23.612825 -26.160085
-23.013468 -25.099275 -30.247783
-23.841742 -23.938428 -30.751425
-25.346466 -22.738575 -29.912992
-27.892160 -22.604872 -27.369766
-27.022781 -23.937325 -26.718869
-26.765209 -22.914363 -29.059228
-26.197873 -25.267979 -26.457932
-27.474427 -23.449887 -27.760795
-24.071738 -23.794295 -30.627136
-23.659894 -26.015352 -29.762561
-25.316688 -24.661069 -30.130324
-26.404907 -24.477166 -28.159607
-24.828352 -25.080139 -29.926067
-23.068750 -26.588315 -27.545296
-26.664277 -24.372656 -26.936118
-25.746539 -25.227143 -27.938209
-24.492560 -25.454502 -29.652379
-24.787869 -24.133440 -30.361480
-23.852317 -26.603714 -26.344877
-25.396701 -24.989540 -29.310346
-27.351053 -23.590655 -28.462794
-25.705229 -23.981071 -29.680938
-26.290131 -24.608963 -29.332205
-23.371284 -26.219746 -29.029436
-27.497337 -23.046641 -27.038901
-24.308386 -25.580665 -28.372886
-26.112514 -24.938959 -28.795920
-23.504600 -26.450891 -28.284160
-24.225344 -25.858221 -28.726314
-26.450403 -24.794533 -28.122404
-23.276301 -25.098181 -30.145524
-26.579272 -23.551327 -29.760673
-23.921076 -26.223114 -28.446106
-24.165955 -25.144966 -29.841761
-25.206310 -25.769116 -26.725505
-27.641196 -22.945532 -27.535684
-25.057160 -23.992381 -30.206604
-24.912664 -23.272240 -30.471163
-25.572847 -24.912273 -28.925139
-27.724712 -22.495664 -27.447378
-26.944050 -23.850009 -27.438333
-24.004224 -25.873572 -29.448122
-25.566638 -25.405985 -26.781011
-24.328311 -25.913075 -28.026656
-23.743614 -25.927789 -28.906417
-26.779880 -23.423313 -28.993231
-27.744704 -22.442799 -27.640012
-25.462966 -25.566499 -27.799598
-27.240825 -22.433302 -28.524110
-26.042745 -25.293563 -27.141337
-24.958481 -25.806349 -27.315463
-24.394524 -26.099050 -27.661552
-25.112056 -25.663579 -27.282747
-25.804621 -23.270307 -29.816581
-23.926987 -26.436858 -27.675232
-24.725479 -24.202690 -30.418377
-27.100270 -23.798360 -27.197589
-26.990722 -23.204183 -28.494493
-25.256956 -25.712201 -26.840328
-26.537986 -24.450273 -27.890448
-25.395419 -24.748385 -29.410860
-23.291320 -26.451127 -27.843006
-26.206612 -24.309228 -29.507716
-25.517566 -25.657984 -27.382033
-25.864349 -24.699400 -28.919387
-27.531717 -23.042153 -28.126233
-25.548942 -23.156639 -29.835656
-26.529442 -24.535041 -27.331962
-26.835791 -24.224316 -28.530685
-24.506738 -26.505080 -27.298185
-26.908208 -24.066564 -27.227221
-24.060741 -26.152516 -28.662224
-25.978225 -25.089319 -28.069380
-26.496240 -24.014365 -28.596781
-24.112927 -26.549497 -26.886582
-26.655498 -23.643550 -29.599830
-26.619519 -23.688077 -29.559613
-24.592143 -25.320547 -28.561772
-26.276831 -25.034587 -27.464580
-24.661293 -26.148327 -27.516729
-24.633695 -26.080106 -27.615123
-25.458494 -24.998734 -28.863055
-24.875374 -25.263288 -28.819536
-26.060871 -24.632176 -28.930839
-26.490341 -23.721489 -29.009282
-24.763470 -25.698724 -27.593718
-24.712426 -26.167422 -26.895659
-24.208605 -22.991094 -30.472060
-25.367731 -25.029239 -28.284623
-26.616980 -24.473958 -26.355487
