-22.437311 -26.226348 -29.051329
-23.115338 -27.083329 -27.086510
-24.045931 -24.407099 -30.517083
-28.305314 -22.089372 -25.763423
-27.980900 -22.673458 -25.489414
-28.196975 -22.378192 -26.471806
-22.948705 -26.389938 -28.597552
-27.831921 -22.520987 -27.378192
-27.147855 -24.411938 -26.016779
-27.693934 -22.960111 -26.691322
-27.966007 -23.144293 -26.298819
-26.765209 -22.914363 -29.059228
-27.473505 -23.443412 -27.211581
-25.900673 -23.835768 -29.523872
-24.481989 -24.872011 -30.272480
-27.655920 -23.678750 -25.533364
-25.052534 -25.866201 -28.080298
-23.036607 -26.996013 -27.805974
-24.088191 -25.263299 -29.997437
-25.843807 -25.527155 -26.170714
-24.829267 -26.498046 -26.827444
-25.166649 -24.631224 -30.169221
-25.860515 -23.877856 -29.861224
-24.548808 -26.441421 -27.092550
-25.319162 -24.949764 -29.946160
-23.479190 -26.974058 -27.291830
-23.971692 -26.674939 -26.379068
-23.926685 -25.833796 -30.083936
-23.602759 -25.246352 -30.389390
-26.027419 -25.166814 -28.311357
-27.670322 -23.315376 -27.476503
-27.354627 -24.015032 -27.226718
-23.367485 -26.760860 -28.140456
-26.716227 -24.143694 -29.159330
-26.902167 -24.256333 -28.370680
-27.303731 -24.056608 -26.410224
-24.711709 -26.302259 -27.650259
-24.951144 -26.282716 -26.779466
-25.804276 -24.467933 -29.820800
-27.061424 -24.375071 -26.571674
-24.200705 -26.349305 -28.198450
-26.611721 -24.831317 -27.824086
-23.526145 -26.015426 -29.412545
-22.997780 -26.887542 -27.909325
-25.119544 -25.455937 -29.376639
-23.756374 -26.620583 -27.835238
-23.662210 -26.205463 -28.745744
-24.459156 -25.623489 -28.826538
-24.301681 -25.787966 -28.541048
-23.220029 -26.598787 -28.410702
-25.430420 -25.390774 -28.670268
-27.005675 -23.753600 -28.475008
-26.655498 -23.643550 -29.599830
-26.404992 -24.679695 -28.495260
-25.545349 -25.199153 -28.956450
-24.795458 -25.102190 -29.699597
-27.072249 -24.164639 -26.238843
-24.750536 -26.410730 -27.546908
-27.374116 -23.248956 -28.273375
-23.224860 -26.812700 -27.597991
-26.655353 -24.711057 -26.929541
-23.579879 -26.084995 -28.864394
-23.295088 -27.062468 -26.674625
-26.105906 -24.981345 -29.273732
-24.912319 -24.469866 -30.475382
-26.354068 -24.471301 -29.237470
-24.709486 -26.249136 -28.294223
-26.488155 -24.346174 -28.701103
-26.184637 -25.068661 -28.554268
-26.938106 -24.534875 -27.447156
-25.466618 -25.111837 -29.675914
-25.659121 -25.584473 -27.025681
-27.519156 -23.159199 -28.147234
-26.255177 -24.993520 -27.045399
-25.280719 -26.037333 -26.661997
-25.203291 -25.960247 -27.833412
-24.359073 -26.490642 -27.956798
-26.214133 -24.721315 -28.125332
-27.179226 -23.619593 -28.708614
-25.309414 -26.143628 -26.474141
-26.514429 -24.206537 -28.671088
-26.963315 -23.540859 -28.763202
-25.824384 -25.338288 -27.342592
-26.830338 -24.488223 -28.024993
-25.680416 -25.404587 -27.038831
-25.241590 -25.707732 -27.326060
-27.606532 -23.536923 -26.397359
-27.549111 -23.690711 -26.989517
-24.234502 -25.731105 -29.247308
-23.800185 -26.442374 -28.236262
-27.228737 -24.162972 -27.982698
-26.246859 -24.445978 -29.306656
-25.584836 -25.188769 -28.825501
-25.509151 -25.478090 -27.950804
-26.944946 -23.253456 -28.915508
-23.865996 -26.121624 -28.426211
-23.848198 -26.019265 -29.121561
-26.849014 -24.585087 -27.326732
-26.790956 -23.826489 -28.688238
-27.460394 -23.714348 -26.398833
