-27.862448 -22.835711 -25.544351
-28.044636 -22.008760 -27.497025
-21.333484 -27.202749 -27.593423
-24.186010 -24.602665 -30.835190
-22.304944 -26.163187 -29.438659
-28.000486 -22.465404 -25.920085
-23.484497 -24.606237 -30.572189
-27.935515 -22.049954 -26.056782
-27.767043 -22.919604 -26.241392
-27.629511 -23.511951 -26.866799
-25.942925 -25.270711 -25.627664
-23.170152 -26.641731 -28.202375
-22.648825 -26.915479 -27.711565
-25.408068 -24.816914 -29.308194
-27.414363 -23.385706 -28.072315
-27.790991 -22.351432 -27.357594
-23.229071 -25.126601 -30.355571
-23.926685 -25.833796 -30.083936
-27.540027 -22.692092 -27.523512
-24.828352 -25.080139 -29.926067
-24.633952 -25.672687 -29.786096
-25.905669 -25.398956 -26.473460
-25.007440 -23.206706 -30.284443
-27.866597 -22.598731 -27.135530
-26.818487 -24.530727 -26.676811
-24.106123 -26.788267 -27.449107
-27.411683 -23.616412 -26.344841
-25.614324 -25.323357 -29.090579
-23.604882 -26.443424 -28.688421
-24.965485 -24.838869 -29.822338
-25.698763 -25.609484 -27.848506
-23.378140 -25.034288 -30.322563
-26.897685 -22.214618 -28.432635
-25.458776 -24.291452 -29.638902
-27.444628 -22.143304 -27.704007
-27.090525 -24.014492 -27.661426
-25.071842 -24.410818 -30.071964
-27.553905 -23.264652 -27.088863
-23.734814 -26.205288 -28.313156
-24.458340 -25.746148 -27.627180
-26.586322 -22.966871 -28.942802
-23.051797 -24.924723 -30.476383
-25.173855 -25.452099 -27.995619
-26.465232 -23.772751 -28.987671
-27.302941 -23.605312 -27.254781
-24.765726 -24.339440 -30.217317
-26.133741 -25.196476 -26.931687
-22.462885 -26.802840 -28.500215
-26.922863 -24.097338 -27.629499
-23.961323 -26.359864 -28.245046
-27.310701 -23.094011 -28.291092
-25.270618 -23.659134 -29.696793
-24.388876 -26.612085 -27.966722
-25.764892 -24.362830 -29.493549
-23.747330 -24.605143 -30.469930
-24.234502 -25.731105 -29.247308
-27.162216 -23.708175 -27.018369
-26.613694 -23.263726 -28.850242
-22.570094 -26.828163 -28.431029
-25.841404 -25.248515 -28.779245
-24.427360 -26.562651 -27.448318
-26.758844 -24.224801 -27.873199
-23.012677 -26.806208 -27.916885
-22.870011 -26.195630 -29.089315
-24.711491 -25.712463 -29.150282
-26.422618 -23.818705 -28.636969
-26.520508 -24.937896 -26.748226
-25.096007 -26.129264 -27.581836
-24.425997 -25.920697 -29.044794
-26.805456 -23.051113 -28.858168
-22.737644 -25.844701 -29.534465
-26.356304 -24.862278 -27.002978
-27.011794 -23.927176 -28.380890
-23.567849 -26.360061 -29.054853
-25.140559 -25.652363 -27.770745
-26.241396 -24.465109 -27.302492
-25.657683 -24.337507 -29.562735
-24.180077 -26.025847 -28.277792
-25.309613 -25.989909 -26.453742
-23.647784 -26.879183 -27.159282
-22.748379 -26.594606 -28.605703
-22.412153 -26.188510 -29.369473
-26.780003 -24.580161 -27.195215
-26.001564 -25.089799 -27.835641
-25.295353 -24.960559 -29.226979
-26.291843 -24.344381 -28.572287
-26.184293 -25.000376 -26.887587
-27.023305 -23.871719 -27.724060
-25.229783 -25.050471 -29.133520
-25.894006 -25.440564 -28.018726
-26.906070 -24.186467 -26.444855
-24.814135 -25.193260 -29.645492
-26.854732 -24.262956 -26.724123
-25.984026 -24.447072 -29.408915
-24.009762 -26.012748 -28.581338
-26.797328 -24.175367 -27.354795
-26.568370 -23.964333 -28.589437
-23.684179 -26.146728 -29.365261
-26.349236 -23.880091 -28.674071
-26.202912 -24.514543 -27.820896
