22.73283 25.093635 30.810709
22.154098 25.000471 30.855804
22.839187 24.665584 31.060335
22.839187 24.665584 31.060335
22.839187 24.665584 31.060335
22.73283 25.093635 30.810709
21.391097 25.539433 30.049559
21.391097 25.539433 30.049559
21.697222 25.901749 29.372244
22.71807 25.672665 29.984245
22.71807 25.672665 29.984245
21.697222 25.901749 29.372244
22.001177 26.24271 28.918569
20.925625 26.508267 28.665175
21.162633 26.363579 28.766141
22.001177 26.24271 28.918569
21.757848 26.532954 28.519744
21.468372 25.984464 29.48978
21.269465 25.938409 29.565947
20.507048 26.919544 28.261262
21.461405 26.647852 28.111348
22.229163 27.16059 27.542804
22.663713 26.967551 27.41128
22.790598 26.431764 28.608192
22.224392 26.927242 27.834977
20.179938 27.719741 26.109989
22.49348 26.690339 28.048343
20.96722 27.646654 26.634023
21.556571 26.967478 27.552249
21.989597 27.168156 27.503001
20.420232 27.660604 26.595178
22.439852 27.25648 27.277522
22.999663 26.933298 27.249928
22.170764 27.493383 27.064156
22.206383 27.313061 27.030809
21.848361 27.538406 26.969742
20.515408 27.850627 26.083814
21.770979 27.697385 26.050123
20.91703 27.677797 26.334503
20.559748 27.695821 26.114081
20.420232 27.660604 26.595178
23.398998 24.342402 31.032741
22.802942 24.933355 31.013023
24.775186 24.711136 30.579111
23.302273 24.338403 31.168238
23.304747 24.627098 30.984074
23.147272 24.791575 30.698584
23.600726 24.896444 30.421364
22.839187 24.665584 31.060335
22.478145 25.131836 30.690293
22.253527 25.38048 30.727361
23.040915 25.219626 30.448958
22.950398 25.095428 30.742777
23.147272 24.791575 30.698584
22.253527 25.38048 30.727361
23.147272 24.791575 30.698584
22.358291 25.246266 30.373119
22.950398 25.095428 30.742777
22.50479 25.672901 29.543091
22.530384 26.009686 28.711246
22.852787 25.964663 28.80566
21.980592 26.006318 29.294576
22.814328 26.463083 27.979793
22.598457 25.803305 29.111821
21.980592 26.006318 29.294576
22.157254 26.284243 28.812113
23.09469 26.444172 27.962851
22.503924 26.705646 27.837359
22.934383 26.740984 27.769639
22.457112 26.506127 28.442457
22.684581 26.996671 27.352233
22.992272 27.10888 26.880394
21.770979 27.697385 26.050123
22.537125 26.834598 27.622479
22.537125 26.834598 27.622479
21.328149 27.561802 26.210333
22.561835 27.407624 26.449418
22.684581 26.996671 27.352233
22.31594 27.48684 26.279504
21.770979 27.697385 26.050123
23.283091 27.14842 26.685734
21.773119 27.443283 27.497547
25.392466 24.014397 29.770786
24.18601 24.602665 30.83519
23.285077 25.302588 30.055619
23.963744 25.1662 29.86125
24.788209 23.875278 30.162693
23.285077 25.302588 30.055619
24.18601 24.602665 30.83519
24.18601 24.602665 30.83519
23.564592 25.039562 29.991715
24.816752 24.682143 30.140287
23.601849 25.103367 29.984964
24.816752 24.682143 30.140287
24.332128 24.73021 30.543075
24.952102 24.987571 29.669082
24.802535 24.795264 29.859712
23.910578 24.797197 30.514294
22.465216 25.958251 28.891788
23.842112 25.565176 29.377638
22.885607 25.494486 30.054327
23.697389 25.650418 29.464862
24.494349 24.727166 30.045873
23.910578 24.797197 30.514294
23.992624 25.475576 29.662342
24.55292 25.274671 29.605171
24.830314 25.209665 29.099938
23.910578 24.797197 30.514294
23.771567 25.811871 29.077315
24.121685 25.805853 28.922806
24.114924 25.779574 29.036827
22.745578 25.93934 28.874846
23.29369 26.015308 28.526956
23.953933 26.237774 27.666248
23.935655 26.042289 28.486825
22.745578 25.93934 28.874846
22.465216 25.958251 28.891788
24.152758 26.098676 27.814992
24.193005 26.235426 27.613932
23.39035 26.42897 27.723383
23.629916 26.421404 27.763186
24.375755 26.291926 27.400719
22.501526 26.929273 27.504507
23.629916 26.421404 27.763186
24.375755 26.291926 27.400719
23.61679 26.674746 27.313373
23.91954 26.40128 28.521528
24.035212 26.669954 27.056023
24.007047 26.4913 27.503057
23.61679 26.674746 27.313373
24.299529 26.199703 27.561562
23.677361 26.773993 27.084925
23.818794 26.674613 27.71104
23.660577 26.887182 26.370072
23.61679 26.674746 27.313373
23.203078 26.819949 27.505712
24.155768 26.630835 26.797059
23.443117 26.701338 27.494891
23.565844 26.972238 27.203349
22.880755 27.307125 26.998818
24.304294 26.588202 27.242202
22.972866 27.276531 25.600061
23.672932 26.942481 25.810613
23.576288 26.987545 26.992365
23.77368 26.927596 26.054052
23.103184 27.21617 25.549967
23.008376 27.196158 25.775419
25.16576 24.381046 30.097751
24.749476 24.86718 29.816944
24.549231 24.786597 29.871242
24.092562 24.737776 30.503272
24.631385 25.13676 29.858705
23.910578 24.797197 30.514294
24.332128 24.73021 30.543075
24.042209 25.028289 30.114784
25.248209 24.996549 29.441133
25.390962 24.587886 29.372013
24.816752 24.682143 30.140287
24.013652 25.283339 29.158333
24.231117 25.884299 28.209656
24.631985 25.701365 28.557604
24.631985 25.701365 28.557604
25.379139 25.654639 28.568623
24.231117 25.884299 28.209656
24.359514 26.061337 27.531046
24.379035 25.99899 28.049913
24.193005 26.235426 27.613932
24.045549 26.073353 27.884178
23.600006 26.787935 26.59852
24.231117 25.884299 28.209656
24.420085 26.160584 27.302598
23.815372 26.68756 26.36413
24.468313 26.460739 26.998502
25.027438 26.297981 26.620539
24.284773 26.650549 26.723335
23.815372 26.68756 26.36413
23.793844 26.940289 25.7961
25.791793 23.993613 29.880567
25.582142 24.30633 29.706762
25.470931 23.876486 30.02432
25.184665 24.154138 29.709499
25.198066 24.606945 29.630815
25.582142 24.30633 29.706762
25.470931 23.876486 30.02432
25.848267 24.810117 29.212479
25.864535 24.134645 28.684663
24.209727 25.531963 28.990509
25.338652 24.975651 29.560865
24.37449 25.382585 28.60191
24.152758 26.098676 27.814992
24.420085 26.160584 27.302598
24.522463 25.971994 28.046123
24.710716 25.788681 27.83814
24.568091 25.840521 27.295675
24.193005 26.235426 27.613932
24.193005 26.235426 27.613932
24.420085 26.160584 27.302598
24.979896 25.837402 27.275004
24.522463 25.971994 28.046123
24.802484 26.203804 26.947543
24.522463 25.971994 28.046123
24.979896 25.837402 27.275004
24.025631 26.744387 25.463686
24.520822 26.48804 25.890673
25.936139 23.977423 28.710971
26.087755 23.736275 29.606748
26.329901 23.42784 28.785709
26.302474 23.663386 29.393518
26.272441 23.791054 28.174475
25.58677 24.086816 29.505157
26.150858 23.904534 28.497741
25.899894 24.245194 28.663659
25.907368 24.573855 28.351844
25.907368 24.573855 28.351844
24.697363 25.918272 27.166683
25.286124 25.667248 26.497803
25.44026 25.767119 25.234218
24.886939 26.037233 26.864511
26.779344 23.181304 28.260085
26.026239 24.016159 28.462574
25.987668 24.315656 27.922354
25.872865 24.952122 25.53538
25.665189 24.946568 26.915241
25.579034 24.814621 27.453525
26.214099 24.629222 26.225131
25.744184 25.164149 25.854544
25.048797 25.847031 25.644108
26.055719 24.922736 25.460178
26.739097 23.044554 28.461145
26.779344 23.181304 28.260085
26.775342 22.776783 28.508457
26.531852 23.446104 28.36256
27.324997 23.149685 27.345833
26.487084 24.31063 27.733971
26.491712 24.091116 27.532366
25.986099 24.661171 27.63238
26.539953 24.028175 26.451398
26.175851 24.635518 25.511463
26.023264 24.436293 26.583777
25.597097 25.372138 27.422564
26.585835 24.27746 25.559267
26.023264 24.436293 26.583777
26.829724 24.071677 25.949062
25.37387 25.679108 25.910147
25.982573 24.945193 24.93649
25.742058 25.202304 25.355743
26.775342 22.776783 28.508457
26.964199 23.393526 27.223683
26.812342 23.004764 27.693878
26.424643 23.420781 28.431746
26.417142 23.851786 28.061714
26.980122 23.862279 26.881821
26.388877 24.379893 27.077125
26.956452 24.008346 27.586645
26.272667 24.466994 25.330327
26.145979 24.755663 25.163283
26.153528 24.529975 26.453579
25.924269 24.843561 27.089373
26.25845 24.580115 25.049752
26.236422 24.734765 25.283015
26.272667 24.466994 25.330327
25.749491 25.09289 26.237379
26.145979 24.755663 25.163283
27.657162 22.972818 27.436518
27.675697 21.867338 27.096544
27.077712 23.46127 27.081393
26.009342 24.809607 25.594349
26.222544 24.409368 25.341266
26.145979 24.755663 25.163283
26.452742 24.458861 24.586499
26.698306 24.101912 25.445736
26.25845 24.580115 25.049752
26.588182 24.241649 25.857732
26.452742 24.458861 24.586499
27.237775 23.701937 25.028923
27.399667 22.654038 27.480824
27.675697 21.867338 27.096544
27.155623 23.192451 27.267885
26.967018 24.400995 25.442337
26.674416 24.424982 24.838965
27.232005 22.736884 27.448897
27.657162 22.972818 27.436518
27.791323 22.454313 26.907582
27.949322 23.02694 26.3182
27.949322 23.02694 26.3182
27.662216 23.410464 27.007473
27.35602 23.690028 25.652153
27.949322 23.02694 26.3182
27.64807 23.68695 26.421263
28.082256 22.997722 26.359627
27.757451 23.66036 24.859606
28.115249 23.05247 24.09943
28.118501 22.729951 26.406939
28.078254 22.593201 26.607999
27.986267 23.195716 25.676769
28.440939 22.560616 25.048629
27.811107 23.26929 25.004695
28.275715 22.805622 24.992447
28.545255 22.473621 25.908911
28.275715 22.805622 24.992447
28.686502 21.296739 25.580675
28.377593 22.556467 25.876984
28.111181 22.924207 24.435472
28.675374 21.463068 23.882062
28.545255 22.473621 25.908911
28.545255 22.473621 25.908911
28.727136 20.997878 23.995282
28.545255 22.473621 25.908911
28.264592 22.895768 24.990712
28.704734 20.810924 24.840856
28.410472 22.083439 25.964955
28.719752 20.499068 25.15579
28.727136 20.997878 23.995282
28.713755 20.776676 24.688874
28.667246 21.510891 24.208995
28.621848 21.889251 25.507864
28.713105 20.695284 25.251409
28.410472 22.083439 25.964955
28.667246 21.510891 24.208995
28.754002 20.913426 24.487814
28.831081 20.563651 24.339866
28.717757 21.181197 24.440502
28.598239 21.648811 25.560437
28.598239 21.648811 25.560437
28.704734 20.810924 24.840856
28.754002 20.913426 24.487814
28.686502 21.296739 25.580675
28.831081 20.563651 24.339866
28.598239 21.648811 25.560437
28.831081 20.563651 24.339866
28.615716 21.404359 25.573432
28.838734 20.240147 23.672516
28.770355 20.735889 23.16941
28.770355 20.735889 23.16941
28.545255 22.473621 25.908911
28.598239 21.648811 25.560437
28.686502 21.296739 25.580675
28.866079 19.668433 23.156532
28.831081 20.563651 24.339866
28.727136 20.997878 23.995282
28.772023 20.569167 23.756588
28.719752 20.499068 25.15579
28.410472 22.083439 25.964955
28.704734 20.810924 24.840856
28.704734 20.810924 24.840856
28.754002 20.913426 24.487814
28.772023 20.569167 23.756588
28.688821 21.44464 23.874196
28.831081 20.563651 24.339866
28.781327 20.226554 24.439809
28.142434 22.538901 26.526486
28.626754 21.463793 24.87526
28.255716 22.771797 25.924962
27.68431 23.000447 26.913379
28.155973 22.212614 26.530942
27.976034 22.729982 26.821167
27.187315 23.018337 27.443743
26.541251 23.213382 27.611006
26.502919 24.05923 27.013019
