-23.467764 -27.099925 -27.695338
-24.186010 -24.602665 -30.835190
-28.599941 -20.860473 -24.495109
-28.470763 -20.893885 -23.944778
-21.758338 -26.205487 -29.154691
-28.447939 -22.037532 -26.305888
-27.970006 -22.918661 -25.344681
-28.359008 -22.207694 -25.554497
-27.620674 -23.263466 -26.146705
-22.994119 -26.028505 -29.621547
-27.930644 -22.555438 -26.851362
-27.955437 -22.336651 -27.218650
-27.415701 -23.296753 -27.087050
-25.780833 -25.149268 -29.007693
-26.292761 -23.189934 -29.098424
-26.754161 -24.576396 -28.377603
-27.568129 -23.731289 -27.023253
-27.351053 -23.590655 -28.462794
-24.775186 -24.711136 -30.579111
-25.487084 -25.613499 -26.520136
-22.741169 -26.326130 -29.113856
-22.163289 -26.686340 -28.840139
-28.237222 -22.514942 -26.270746
-22.427587 -26.897942 -28.151321
-27.708772 -22.901354 -27.606076
-28.156045 -22.208637 -26.451208
-26.416321 -24.848191 -28.343949
-21.905794 -26.367560 -28.884445
-24.004224 -25.873572 -29.448122
-23.664683 -24.876413 -30.344380
-27.864587 -22.631075 -27.179164
-27.177141 -23.899625 -26.246053
-24.302584 -23.695246 -30.680146
-24.522236 -25.008761 -30.071420
-25.409648 -24.390423 -29.968835
-26.863683 -24.305767 -28.889084
-26.823436 -24.169017 -29.090144
-25.688795 -25.559240 -28.231163
-24.995634 -23.647258 -30.101731
-24.481989 -24.872011 -30.272480
-27.139580 -23.959879 -25.421639
-26.234260 -24.060546 -29.346223
-22.063735 -27.007213 -27.946001
-27.837984 -23.232530 -27.508430
-27.273233 -23.823934 -27.158409
-24.617844 -26.214662 -28.179119
-22.496350 -26.935014 -27.814514
-27.947683 -22.813118 -26.286797
-25.291207 -25.449238 -28.532409
-22.858822 -26.366760 -28.833686
-24.712683 -25.760003 -29.066632
-24.112625 -25.946435 -29.295286
-24.763474 -24.819350 -29.739915
-24.375572 -25.519642 -29.285711
-23.921322 -26.674286 -27.435587
-23.937129 -25.849103 -29.872952
-27.070045 -24.480952 -26.337198
-22.053767 -26.956969 -28.328658
-23.527071 -26.642302 -28.790536
-26.758926 -24.964895 -28.058243
-25.515277 -24.842237 -29.239008
-26.938412 -23.988562 -28.417992
-24.996952 -26.079451 -28.328688
-24.935547 -24.446372 -30.012729
-26.229749 -25.260931 -26.417340
-23.589641 -26.884595 -27.647360
-24.836890 -25.312722 -29.337940
-23.707796 -26.498298 -28.598177
-23.757070 -26.753399 -26.468559
-26.387279 -24.510329 -29.083950
-24.876541 -26.185641 -27.747704
-25.114114 -25.730335 -28.274085
-23.791388 -26.172051 -29.296075
-25.367821 -24.680164 -29.509254
-26.101118 -24.768926 -28.729779
-25.192129 -25.735174 -27.809944
-25.872087 -23.729063 -29.580211
-25.104146 -25.680091 -28.656742
-25.698763 -25.609484 -27.848506
-27.027730 -24.428274 -27.086680
-25.349396 -24.616879 -29.810837
-26.151018 -25.173615 -27.136804
-25.971726 -24.307700 -29.543666
-23.842591 -26.586970 -28.155051
-27.588466 -23.294201 -25.513753
-26.964420 -24.633223 -27.477159
-26.015458 -25.365650 -28.465529
-24.335905 -25.663263 -29.236349
-22.484526 -26.460724 -28.839350
-24.258366 -25.623487 -29.872163
-23.888555 -26.553436 -28.588687
-25.941745 -25.261615 -28.738854
-23.567318 -26.779052 -28.589476
-25.252152 -25.360028 -28.649819
-27.312253 -23.713104 -27.894392
-26.053772 -24.986079 -28.691714
-23.906506 -26.291430 -27.662394
-26.764129 -24.626640 -27.994946
-24.200608 -26.001518 -28.448488
-23.922178 -25.195193 -30.300074
