-25.512975 -25.750147 -25.786567
-24.822081 -23.515761 -30.440766
-26.964420 -24.633223 -27.477159
-25.780833 -25.149268 -29.007693
-26.476790 -24.961814 -27.473491
-26.170633 -24.353755 -29.467499
-23.926685 -25.833796 -30.083936
-25.834407 -23.947659 -30.231269
-24.664914 -25.612076 -29.071962
-26.711857 -24.352126 -28.940640
-23.140022 -24.314779 -30.935995
-23.643932 -26.009978 -29.566321
-24.500901 -26.257060 -26.819683
-25.095951 -24.486846 -30.165229
-23.703445 -26.570138 -27.987377
-23.973843 -26.338657 -29.064451
-23.249887 -26.995777 -28.247128
-24.360984 -26.530634 -27.608323
-25.693055 -25.410673 -28.371115
-24.234502 -25.731105 -29.247308
-24.775186 -24.711136 -30.579111
-26.292389 -25.054454 -26.949968
-25.342135 -25.355620 -28.770864
-24.923514 -25.998197 -28.362620
-24.681182 -25.005414 -29.998463
-27.200845 -24.081521 -27.624299
-24.771085 -25.431417 -29.682367
-25.231331 -25.895506 -27.525992
-25.445797 -25.647315 -28.552087
-26.730231 -24.858600 -28.246099
-25.466618 -25.111837 -29.675914
-26.173270 -25.241287 -28.556420
-24.263382 -26.040481 -29.048400
-26.269925 -24.853882 -29.030032
-25.840321 -25.575117 -27.718013
-23.984568 -25.125943 -30.243177
-24.453230 -26.339868 -28.267343
-23.527071 -26.642302 -28.790536
-25.729268 -24.698290 -29.535106
