-27.888260 -23.223945 -24.613571
-28.419954 -21.882368 -25.385763
-27.948090 -21.473433 -26.701099
-23.838160 -24.132801 -30.000447
-21.865315 -26.974462 -26.561386
-23.550951 -27.033496 -26.461882
-27.074999 -24.410893 -24.965755
-23.168783 -26.067684 -28.636203
-27.710044 -22.736317 -27.426170
-28.196975 -22.378192 -26.471806
-22.156304 -26.824631 -27.599069
-25.163044 -25.823497 -28.034472
-27.477354 -23.570335 -25.847028
-28.247975 -22.178564 -25.748314
-26.421699 -24.910258 -25.444757
-26.739344 -24.582399 -25.679748
-27.663190 -23.009913 -26.915279
-26.662888 -24.543731 -26.117298
-24.411063 -26.338057 -27.216495
-22.921627 -26.669367 -26.865581
-26.860280 -24.483782 -25.178985
-28.095696 -22.679634 -25.027730
-22.532449 -25.831660 -29.111737
-27.273324 -23.915852 -27.826680
-27.388229 -23.390533 -27.730545
-28.121369 -22.130893 -26.693870
-26.477496 -23.082407 -28.784601
-25.041454 -24.639821 -29.658419
-22.779878 -25.243645 -29.566742
-24.858507 -25.479956 -28.494423
-25.546499 -25.637578 -26.234152
-25.390151 -24.162465 -29.422669
-24.545486 -25.900782 -28.395833
-27.169008 -24.002847 -26.966398
-26.945722 -23.757063 -28.285584
-23.345773 -24.705963 -29.826071
-22.886235 -24.815594 -29.816368
-24.663269 -23.966934 -29.851460
-26.354667 -25.053837 -25.278999
-25.876594 -24.367666 -29.364073
-27.831921 -22.520987 -27.378192
-26.134952 -25.008243 -27.159428
-24.231543 -25.320133 -29.461049
-25.564379 -25.405506 -26.388764
-23.691090 -26.514839 -28.546836
-24.433386 -26.443600 -26.274379
-22.426092 -26.259711 -28.862111
-24.505500 -24.425844 -29.680393
-27.585312 -23.145193 -26.833871
-24.792846 -26.249041 -25.748502
-26.062722 -23.788271 -29.203435
-23.953491 -26.396019 -27.332103
-22.286209 -25.968753 -29.116311
-25.137602 -25.166473 -28.689356
-25.874120 -24.078971 -29.548237
-27.036165 -23.736165 -28.405316
-24.089581 -25.392346 -29.162387
-24.262838 -23.397786 -29.939604
-22.220067 -25.566827 -29.594336
-26.565836 -24.755393 -27.530506
-25.694219 -24.516566 -28.950089
-24.935277 -25.193022 -29.061068
-25.657974 -24.784337 -28.902777
-26.943069 -23.852419 -27.931672
-26.308807 -22.549528 -29.179701
-27.541778 -23.166110 -28.305302
-27.317523 -23.570030 -27.609755
-26.274092 -25.120883 -26.659579
-26.780822 -24.214971 -28.739442
-24.533654 -26.015475 -29.036857
-26.168142 -23.676484 -29.255789
-25.493835 -25.301685 -27.103236
-26.604930 -24.267347 -27.722951
-25.281922 -25.251877 -28.019335
-23.312584 -25.301275 -29.505244
-25.225422 -25.515842 -27.009962
-25.774461 -25.305000 -27.050155
-23.996908 -23.936402 -29.903082
-27.606532 -23.536923 -26.397359
-25.989613 -25.196632 -26.185385
-24.770523 -26.143498 -26.690618
-27.805214 -23.483073 -25.441104
-27.954555 -23.193277 -26.618795
-23.703445 -26.570138 -27.987377
-26.959939 -23.643942 -28.566159
-25.542056 -25.299963 -27.330880
-23.713413 -26.620382 -27.604720
-22.420950 -26.868800 -26.856191
-28.015171 -22.734495 -26.690533
-26.631885 -24.851839 -25.014522
-26.176816 -24.464442 -27.931428
-25.928911 -24.235367 -29.249849
-24.058991 -26.464546 -26.901250
-26.211839 -24.743993 -27.553100
-26.769615 -24.299889 -26.944287
-27.466960 -23.477849 -27.011081
-26.289452 -25.220463 -25.313358
-22.392031 -26.658077 -27.543695
-25.734666 -25.023781 -28.576665
-22.218177 -26.142106 -29.135963
