23.398998 24.342402 31.032741
22.110846 23.833906 31.073631
22.110846 23.833906 31.073631
22.851032 24.603142 30.926356
22.839187 24.665584 31.060335
23.398998 24.342402 31.032741
22.802942 24.933355 31.013023
21.537215 25.666978 29.757444
21.302016 26.225529 29.532359
21.231099 25.5956 29.902797
22.53204 25.909101 29.548264
21.231099 25.5956 29.902797
21.419977 25.848809 29.850651
21.65454 26.343583 28.788438
21.190852 25.45885 30.103857
22.39281 26.114127 28.741739
22.386299 26.232049 28.971387
21.834851 26.329266 28.717699
21.962003 26.076614 29.513443
20.650991 26.721015 28.584637
22.119944 26.716267 28.574999
21.248015 26.783978 28.313463
22.356343 26.888432 27.590254
20.180666 27.66817 26.555375
20.420232 27.660604 26.595178
22.277456 27.536274 26.797908
20.420232 27.660604 26.595178
21.054214 27.705759 26.347839
21.802038 27.654006 26.810043
22.277456 27.536274 26.797908
21.770979 27.697385 26.050123
21.773119 27.443283 27.497547
21.457093 27.62412 26.970402
20.420232 27.660604 26.595178
21.770979 27.697385 26.050123
21.770979 27.697385 26.050123
20.515408 27.850627 26.083814
21.802038 27.654006 26.810043
21.770979 27.697385 26.050123
22.839187 24.665584 31.060335
23.147272 24.791575 30.698584
23.144798 24.50288 30.882748
23.144798 24.50288 30.882748
23.147272 24.791575 30.698584
23.144798 24.50288 30.882748
23.144798 24.50288 30.882748
22.950398 25.095428 30.742777
22.570476 25.35298 29.977977
22.802942 24.933355 31.013023
22.343805 24.324516 31.067771
22.839853 25.24329 30.210385
23.147272 24.791575 30.698584
22.785453 25.250754 30.46129
23.149305 25.141483 30.66661
23.819762 25.405981 29.892408
24.033956 24.878104 30.408886
22.059755 26.003741 29.019989
22.421553 26.149042 28.645784
22.862155 25.450302 29.724104
22.678302 26.124377 28.551503
22.530384 26.009686 28.711246
21.820259 25.561754 30.07697
22.666954 25.61515 29.748012
22.530384 26.009686 28.711246
22.436061 26.083099 28.632207
22.114836 25.859862 29.569749
22.02476 26.045368 29.346734
22.226301 26.288216 28.824625
22.226301 26.288216 28.824625
21.834851 26.329266 28.717699
22.371989 26.633933 28.07237
23.006904 26.509495 27.859127
21.826747 26.877142 28.268368
22.436061 26.083099 28.632207
22.331084 26.970133 27.568729
22.076754 26.808775 27.87489
23.164042 26.715765 27.675569
22.331084 26.970133 27.568729
23.056569 26.504361 27.899089
22.561835 27.407624 26.449418
22.302715 27.454573 26.819433
23.636311 26.612399 27.83224
22.055872 27.267101 28.015162
22.199957 27.044738 27.755021
21.054214 27.705759 26.347839
22.31594 27.48684 26.279504
22.262542 27.288046 27.070143
22.561835 27.407624 26.449418
22.415493 27.233574 27.138867
23.098059 27.226607 27.464207
21.88398 27.358084 26.936395
22.277456 27.536274 26.797908
23.139109 27.388201 26.716892
22.880755 27.307125 26.998818
24.403906 24.748064 29.926141
25.509854 23.923729 30.156431
24.506634 24.206244 30.534012
24.913798 24.514682 30.136713
24.332128 24.73021 30.543075
24.18601 24.602665 30.83519
23.199869 25.099965 30.395779
23.588175 24.84222 30.41988
23.446941 25.803771 29.626865
23.147272 24.791575 30.698584
24.816752 24.682143 30.140287
23.771241 24.910032 30.196919
23.771852 25.107986 29.966768
24.35852 25.867219 29.4652
24.55292 25.274671 29.605171
23.655659 25.040209 30.223001
23.981013 24.972884 29.814629
24.248837 25.553201 29.71855
24.830314 25.209665 29.099938
23.415276 25.21408 29.957507
22.159477 26.337366 28.168149
23.889261 26.314774 28.339931
23.941863 26.506823 27.579412
23.29369 26.015308 28.526956
23.29369 26.015308 28.526956
23.677361 26.773993 27.084925
23.897525 26.761929 26.991576
23.818794 26.674613 27.71104
24.035212 26.669954 27.056023
23.818794 26.674613 27.71104
24.39851 26.411388 27.093167
23.565844 26.972238 27.203349
23.520449 27.011524 26.394922
22.786927 26.578911 28.039885
23.352564 26.972474 26.762195
24.05204 26.80727 25.960182
24.643276 25.995546 26.900015
23.283091 27.14842 26.685734
23.672932 26.942481 25.810613
23.672932 26.942481 25.810613
24.736716 24.078392 30.327184
24.935623 24.124447 30.251017
25.148976 24.683718 29.624889
25.018676 24.041815 30.725008
26.329901 23.42784 28.785709
24.60202 24.705107 30.08719
25.398591 24.204311 29.87943
25.469873 24.32472 28.859534
24.506634 24.206244 30.534012
24.816752 24.682143 30.140287
24.326588 24.899639 29.766294
24.749476 24.86718 29.816944
24.37389 24.81798 29.903011
23.963744 25.1662 29.86125
25.064433 25.123461 28.741891
25.113017 25.038837 29.379727
24.631985 25.701365 28.557604
23.910578 24.797197 30.514294
23.929508 26.451524 28.138871
24.045549 26.073353 27.884178
23.677361 26.773993 27.084925
24.459008 26.207827 27.434709
23.34116 27.060872 25.354115
24.626007 26.327649 27.413086
24.324279 26.505599 26.493548
23.660577 26.887182 26.370072
24.284773 26.650549 26.723335
24.358791 26.731368 26.487021
24.816752 24.682143 30.140287
24.494349 24.727166 30.045873
26.406127 23.520063 28.624866
26.109106 23.989785 29.534196
25.68565 23.803597 29.81109
25.109023 24.518002 29.647877
24.922644 24.308686 29.786012
25.68565 23.803597 29.81109
25.582142 24.30633 29.706762
25.434686 24.144257 29.977008
25.325299 25.105242 28.889408
25.338652 24.975651 29.560865
24.671011 25.005091 29.56341
25.378756 25.119567 27.799964
25.44276 25.037523 28.364092
24.553528 25.99708 29.016582
24.81027 25.467808 28.732278
25.613571 24.475305 28.850581
25.232043 25.514933 28.32895
25.232043 25.514933 28.32895
24.631985 25.701365 28.557604
23.964933 26.437906 27.155705
24.407915 26.308366 27.851005
25.34495 25.694607 26.368618
24.886939 26.037233 26.864511
25.68565 23.803597 29.81109
26.302474 23.663386 29.393518
25.728272 24.349881 28.724185
25.824288 23.997895 28.885723
25.621045 24.803966 28.538766
25.907368 24.573855 28.351844
25.656404 24.914515 28.517762
25.696651 25.051265 28.316702
25.36355 24.485186 28.583072
25.521491 25.124839 27.644628
26.028951 24.460375 28.028578
25.929691 24.679398 27.409728
25.597097 25.372138 27.422564
25.105234 25.930338 28.155698
26.775342 22.776783 28.508457
26.779344 23.181304 28.260085
26.150858 23.904534 28.497741
26.739097 23.044554 28.461145
25.36355 24.485186 28.583072
26.150858 23.904534 28.497741
25.711283 24.451082 28.489154
26.034754 24.425448 26.839623
26.111042 24.174888 27.220355
25.986099 24.661171 27.63238
25.986099 24.661171 27.63238
25.780165 24.766113 26.243089
26.015472 24.785986 25.661238
26.56515 23.709181 27.743607
26.854073 22.864099 27.788993
26.428293 24.101345 26.741609
26.610583 23.53342 27.643096
26.790308 24.350225 26.284578
25.843474 24.713011 27.089915
26.701044 23.949563 26.52101
25.614993 25.104216 26.594449
26.249533 24.463829 26.095763
25.920167 24.870463 25.672097
26.428293 24.101345 26.741609
26.063239 24.24414 27.647995
25.705436 25.083318 26.714181
25.841702 25.008374 25.418563
26.214099 24.629222 26.225131
25.405185 25.376473 26.383998
25.525605 25.374565 26.131342
25.857987 24.999003 25.784822
26.214099 24.629222 26.225131
25.729703 25.147005 25.915202
25.729703 25.147005 25.915202
26.068074 24.978035 24.900719
25.919618 24.827448 25.951856
25.749491 25.09289 26.237379
26.489019 23.006894 28.695379
26.854073 22.864099 27.788993
26.779344 23.181304 28.260085
27.445948 23.366861 26.832591
26.535854 23.850625 28.114188
26.491712 24.091116 27.532366
26.579909 23.860197 27.637386
26.539953 24.028175 26.451398
26.61553 24.599554 25.432584
26.213574 24.174234 26.954839
26.249533 24.463829 26.095763
25.810651 25.480013 25.815718
26.103365 24.801617 24.812581
26.145979 24.755663 25.163283
27.064995 22.644649 27.751105
27.282718 22.841383 27.745694
27.132009 23.408183 26.432774
27.002983 23.778475 27.552485
26.602204 23.662322 27.63849
26.213574 24.174234 26.954839
27.083283 23.520276 27.122995
26.374955 24.753207 26.087697
26.818261 24.256933 25.022158
26.818261 24.256933 25.022158
27.267228 23.478755 26.192548
27.083283 23.520276 27.122995
27.117819 23.911715 25.388936
27.064601 23.732206 26.268645
26.818261 24.256933 25.022158
27.241215 23.740258 24.589529
26.990844 23.943825 23.9754
27.949322 23.02694 26.3182
27.890058 23.261539 27.742407
27.599909 23.484245 26.041948
27.757451 23.66036 24.859606
26.993569 23.843851 26.873955
28.115249 23.05247 24.09943
26.924785 24.22121 24.969788
27.757451 23.66036 24.859606
27.35602 23.690028 25.652153
27.35602 23.690028 25.652153
27.949322 23.02694 26.3182
28.082256 22.997722 26.359627
26.924785 24.22121 24.969788
28.115249 23.05247 24.09943
27.92933 23.079805 26.125566
28.072635 23.098424 23.748728
27.834441 23.408341 24.787303
28.236423 22.566604 26.326404
28.727136 20.997878 23.995282
28.1902 22.74829 25.488521
28.621848 21.889251 25.507864
28.331061 23.001498 25.392433
28.410472 22.083439 25.964955
28.713755 20.776676 24.688874
28.667246 21.510891 24.208995
28.1902 22.74829 25.488521
28.667246 21.510891 24.208995
28.545255 22.473621 25.908911
28.440939 22.560616 25.048629
28.331061 23.001498 25.392433
28.598239 21.648811 25.560437
28.621848 21.889251 25.507864
28.410472 22.083439 25.964955
28.545255 22.473621 25.908911
28.717757 21.181197 24.440502
28.598239 21.648811 25.560437
28.545255 22.473621 25.908911
28.770355 20.735889 23.16941
28.838734 20.240147 23.672516
28.754002 20.913426 24.487814
28.410472 22.083439 25.964955
28.838734 20.240147 23.672516
28.598239 21.648811 25.560437
28.704734 20.810924 24.840856
28.704734 20.810924 24.840856
28.754002 20.913426 24.487814
28.545255 22.473621 25.908911
28.686502 21.296739 25.580675
28.831081 20.563651 24.339866
28.754002 20.913426 24.487814
28.727136 20.997878 23.995282
28.754002 20.913426 24.487814
28.831081 20.563651 24.339866
28.727136 20.997878 23.995282
28.866079 19.668433 23.156532
28.754002 20.913426 24.487814
28.727136 20.997878 23.995282
28.772023 20.569167 23.756588
28.772023 20.569167 23.756588
28.713755 20.776676 24.688874
28.770355 20.735889 23.16941
28.770355 20.735889 23.16941
28.704734 20.810924 24.840856
28.688821 21.44464 23.874196
28.772023 20.569167 23.756588
28.772023 20.569167 23.756588
28.410472 22.083439 25.964955
28.430543 21.367069 26.176487
28.150772 22.297099 26.816092
28.283725 22.484945 26.463121
28.437878 21.913575 26.126819
28.155973 22.212614 26.530942
27.955244 21.703694 26.935358
28.05506 23.373164 26.068889
26.250924 24.391055 26.864251
