-27.756289 -21.095735 -26.177564
-21.959787 -25.229296 -29.944902
-23.917940 -23.980723 -30.782799
-22.417619 -26.847698 -28.533978
-28.052985 -22.065593 -25.497395
-27.991192 -22.056399 -25.944686
-27.459402 -21.781464 -28.069379
-23.343446 -25.102029 -30.345169
-27.616071 -23.482616 -26.072509
-27.749704 -22.465799 -26.079039
-24.446759 -24.508352 -30.551643
-27.268011 -22.765922 -27.932959
-27.053844 -23.082930 -28.256276
-22.270163 -26.685625 -28.804224
-22.848378 -26.351453 -29.044670
-23.881695 -24.248494 -30.735487
-27.716897 -22.100244 -28.025073
-22.700922 -26.189380 -29.314916
-27.138769 -23.700175 -27.722743
-27.727464 -22.980736 -27.544361
-25.809670 -25.368042 -26.493232
-27.504860 -23.052772 -26.390067
-24.805061 -26.219452 -26.590701
-25.453714 -25.172511 -28.920368
-26.733507 -24.524069 -27.107837
-27.291740 -21.864310 -28.037452
-24.029668 -24.837903 -30.179700
-24.133276 -26.046635 -28.909836
-24.746202 -25.791457 -28.140319
-24.645322 -24.904972 -29.678411
-23.180059 -26.141144 -28.832897
-23.797507 -25.867208 -29.533605
-24.328819 -26.452500 -26.244474
-27.213654 -24.169651 -26.754534
-25.605089 -25.451117 -27.439966
-26.430942 -22.308472 -29.247946
-25.329523 -25.722460 -26.846535
-22.423738 -26.542855 -28.771508
-25.229880 -24.616624 -29.735949
-24.833575 -24.721659 -29.470428
-27.490074 -22.895340 -27.726683
-23.444287 -26.403229 -28.387099
-25.537965 -24.742615 -29.374198
-22.310410 -26.822375 -28.603164
-25.977330 -25.145649 -27.799924
-22.534480 -26.215374 -29.309763
-24.941281 -25.583599 -28.730063
-26.809531 -24.196265 -28.296626
-26.205179 -25.064273 -27.202237
-25.022830 -25.425361 -28.549290
-25.902314 -24.419485 -29.210332
-26.595364 -24.371497 -28.631917
-27.060079 -24.312421 -26.787250
-27.401143 -23.065502 -26.975292
-24.609103 -24.957291 -29.613015
-27.612069 -23.078095 -26.320881
-24.195054 -26.618105 -28.200498
-27.006689 -23.766073 -27.899617
-26.684438 -23.979216 -28.475797
-27.213766 -23.761824 -27.322806
-25.699566 -25.634328 -27.302251
-22.965239 -25.719129 -29.820455
-23.549394 -26.747845 -27.848420
-26.838013 -23.836446 -28.443081
-27.330515 -23.537327 -27.530319
-23.032603 -25.979071 -29.103143
-26.148048 -25.069212 -29.078010
-26.942905 -24.495414 -27.209642
-23.169794 -25.508647 -29.856865
-25.652435 -25.233964 -27.478031
-24.482275 -24.959359 -30.074630
-25.143751 -25.287165 -28.802655
-24.497892 -24.527447 -29.930573
-26.629849 -22.354527 -29.171779
-23.611949 -26.320383 -28.419026
-26.869593 -23.670764 -28.215887
-26.305069 -24.995908 -27.275761
-25.179689 -25.402458 -27.941611
-27.367341 -23.619054 -27.290090
-23.548339 -25.936073 -29.283054
-26.503638 -24.568446 -28.196034
-26.043578 -24.172560 -29.274184
-25.260457 -24.064288 -30.089878
-26.469832 -24.846530 -26.887162
-23.657861 -25.665444 -29.794535
-24.014668 -25.888879 -29.237138
-26.291070 -23.907760 -29.171709
-25.853202 -24.570480 -29.125151
-23.737484 -26.242354 -28.693730
-26.435041 -24.092648 -28.864294
-26.450403 -24.794533 -28.122404
-23.693563 -25.185789 -30.145472
-24.247714 -25.204251 -29.594019
-24.295446 -26.384986 -26.939087
-26.287068 -23.503239 -29.420081
-23.079129 -25.572280 -29.839630
-25.268172 -25.681222 -27.232474
-26.366423 -24.526600 -28.678011
-23.400366 -25.346664 -29.838841
-24.381005 -25.375223 -29.172872
