-25.225112 -25.997306 -27.152003
-27.492982 -23.863252 -26.622761
-25.307776 -25.654459 -28.430069
-24.132768 -26.621921 -27.553229
-25.768940 -25.204423 -28.928441
-24.668472 -25.372013 -29.461109
-23.937129 -25.849103 -29.872952
-26.780822 -24.214971 -28.739442
-23.466030 -26.363988 -28.632199
-21.722914 -27.025921 -27.731066
-23.731337 -26.651589 -28.345776
-22.512814 -26.220634 -29.365885
-24.009853 -26.000528 -28.730211
-26.246859 -24.445978 -29.306656
-25.440781 -25.230321 -29.375850
-26.084339 -25.411449 -27.805029
-25.670619 -25.900448 -26.416396
-22.350323 -26.805193 -28.060016
-27.425343 -23.630437 -27.463628
-24.088230 -25.417638 -30.024400
-22.765764 -25.923009 -29.873576
-23.149305 -25.141483 -30.666610
-26.446401 -24.390012 -28.370776
-24.150636 -26.410019 -28.126612
-26.821320 -23.666708 -29.097128
-23.771064 -24.964507 -30.350719
-25.763102 -25.637065 -27.805818
-23.631783 -26.972462 -27.451638
-24.756877 -24.984251 -30.157918
-24.551085 -25.786737 -28.630742
-23.952933 -25.755893 -29.236539
-27.129137 -23.564017 -28.260500
-25.403523 -24.200509 -29.860191
-23.042948 -25.569534 -30.416984
-26.375375 -25.187835 -27.134957
-24.043409 -24.360526 -30.293244
-25.356935 -24.797819 -29.929264
-26.258271 -25.051703 -27.916788
-25.041167 -26.038827 -28.082450
-24.698585 -26.187629 -26.409352
-24.804053 -26.164123 -27.543657
-23.710585 -26.167409 -29.350517
-25.769515 -24.835040 -29.334046
-26.731477 -24.383805 -27.771625
-25.240074 -25.430143 -29.153479
