22.97632 24.424314 30.956606
22.839187 24.665584 31.060335
22.839187 24.665584 31.060335
22.839187 24.665584 31.060335
20.951286 25.466416 30.064054
22.802942 24.933355 31.013023
21.06922 25.857826 29.620245
22.030105 25.654577 29.749827
21.338308 25.620923 29.833611
21.231099 25.5956 29.902797
21.06922 25.857826 29.620245
21.338308 25.620923 29.833611
21.869937 25.982121 29.123523
21.415583 26.065954 29.273832
20.897587 26.127072 28.914963
21.415583 26.065954 29.273832
19.640679 26.170395 28.928651
21.415583 26.065954 29.273832
21.287183 26.013095 29.484185
20.81627 26.155451 29.112554
20.722822 26.290562 28.780636
20.891725 26.448106 28.662011
20.242777 26.598862 28.497191
22.170764 27.493383 27.064156
22.170764 27.493383 27.064156
20.119367 27.620494 26.338437
20.179938 27.719741 26.109989
20.000964 27.397292 27.151311
21.54372 27.675703 26.060386
20.050907 27.592949 26.47677
23.302273 24.338403 31.168238
23.21183 24.359301 31.048506
23.144798 24.50288 30.882748
23.147272 24.791575 30.698584
23.144798 24.50288 30.882748
22.657201 25.256303 30.436146
22.451739 25.111155 30.705037
23.01963 25.285825 30.009594
23.147272 24.791575 30.698584
21.537215 25.666978 29.757444
22.453772 25.461063 30.673063
21.231099 25.5956 29.902797
22.289772 25.112709 30.774673
23.735146 25.068172 30.157381
23.149305 25.141483 30.66661
22.862155 25.450302 29.724104
23.571078 25.188608 30.263282
22.166622 25.769882 29.730557
21.697222 25.901749 29.372244
22.304091 26.563564 28.648611
22.157254 26.284243 28.812113
22.050045 26.25892 28.881299
21.162633 26.363579 28.766141
22.905576 25.883173 29.021608
21.917688 26.291809 28.77231
21.664598 25.939705 29.150583
22.157254 26.284243 28.812113
22.359839 26.928009 28.0975
22.589223 26.851912 28.017315
22.335539 26.050686 28.986787
23.190669 26.270174 28.878908
22.157254 26.284243 28.812113
22.74643 26.392714 28.556034
23.674811 26.661089 28.446817
22.52236 26.999715 27.849435
22.49348 26.690339 28.048343
22.49348 26.690339 28.048343
23.084694 26.784843 27.683113
22.239607 27.175897 27.33182
22.728344 27.233535 26.366532
22.924696 26.84101 27.536351
22.778471 27.317475 26.349068
22.388758 27.138732 27.409996
22.451856 27.031337 26.960621
20.91703 27.677797 26.334503
22.229163 27.16059 27.542804
22.239607 27.175897 27.33182
20.050907 27.592949 26.47677
22.239607 27.175897 27.33182
22.439852 27.25648 27.277522
22.292396 27.094407 27.547768
22.170764 27.493383 27.064156
22.470681 27.524663 26.341991
21.955228 27.304547 27.68031
22.788915 27.332782 26.138084
22.439852 27.25648 27.277522
20.050907 27.592949 26.47677
22.464289 27.324682 26.687634
21.572839 27.58834 25.602352
21.804533 27.548091 26.554278
24.18601 24.602665 30.83519
24.653242 24.438173 30.140523
23.771241 24.910032 30.196919
23.147272 24.791575 30.698584
24.517691 24.392356 30.623417
23.963744 25.1662 29.86125
22.912052 25.416514 29.550987
23.082481 25.190633 30.010134
24.332128 24.73021 30.543075
23.910955 25.24769 29.645302
23.169002 24.738368 30.657763
24.033956 24.878104 30.408886
24.802535 24.795264 29.859712
24.033956 24.878104 30.408886
24.332128 24.73021 30.543075
23.963744 25.1662 29.86125
24.816752 24.682143 30.140287
23.910578 24.797197 30.514294
23.963744 25.1662 29.86125
24.726309 24.703041 30.020555
23.764837 25.120145 29.937417
24.35852 25.867219 29.4652
23.346479 25.933818 28.742904
23.29369 26.015308 28.526956
24.385517 25.213325 29.457922
23.625461 25.455924 29.539814
23.625461 25.455924 29.539814
23.935655 26.042289 28.486825
23.923448 26.649982 26.917571
24.015727 26.123474 27.923625
24.556481 26.004716 27.598408
23.520484 26.342958 28.476336
22.74643 26.392714 28.556034
22.7179 27.218228 26.577516
23.526789 26.883028 27.320759
23.929508 26.451524 28.138871
24.316649 26.643501 26.682743
23.61679 26.674746 27.313373
23.677361 26.773993 27.084925
23.365599 26.891655 27.257647
23.283091 27.14842 26.685734
23.652796 27.021738 26.916865
23.525597 26.835488 27.404409
23.342343 27.079063 26.573979
23.565844 26.972238 27.203349
24.284773 26.650549 26.723335
23.576288 26.987545 26.992365
24.284773 26.650549 26.723335
23.677361 26.773993 27.084925
23.069811 27.148656 26.24458
23.660577 26.887182 26.370072
24.284773 26.650549 26.723335
24.443119 26.551868 26.683407
22.53809 27.360795 25.646558
23.385937 27.039988 26.067582
23.660577 26.887182 26.370072
22.837086 27.183322 25.852968
23.798717 26.89659 25.543514
22.53809 27.360795 25.646558
26.167282 23.705674 29.332112
24.494349 24.727166 30.045873
25.019484 24.135305 29.965826
24.332128 24.73021 30.543075
25.398591 24.204311 29.87943
24.474044 25.061712 29.496048
24.969946 24.227027 29.922729
24.781562 24.071494 30.258312
25.356221 24.282168 29.723474
24.816752 24.682143 30.140287
24.935623 24.124447 30.251017
24.788399 24.914423 29.949055
25.002692 24.794782 29.351637
25.433576 24.541932 29.722715
25.033855 24.73853 29.468454
24.092562 24.737776 30.503272
24.461454 24.495926 30.199809
24.918294 25.360168 29.297226
24.474044 25.061712 29.496048
25.478105 25.036986 29.269632
24.366835 25.036389 29.565234
24.816752 24.682143 30.140287
25.481698 24.998861 28.990968
25.324435 25.088772 29.28029
24.631985 25.701365 28.557604
24.631985 25.701365 28.557604
24.768626 25.615745 29.054146
24.231117 25.884299 28.209656
24.45663 26.174119 27.644921
23.955953 26.373552 27.635531
24.642922 25.88118 28.188985
24.35852 25.867219 29.4652
25.023448 25.621453 28.147714
24.407915 26.308366 27.851005
23.879089 26.46786 26.9795
23.818794 26.674613 27.71104
23.660577 26.887182 26.370072
23.660577 26.887182 26.370072
24.626007 26.327649 27.413086
23.703806 26.696021 26.581585
24.158898 26.797494 24.889714
24.025631 26.744387 25.463686
24.935623 24.124447 30.251017
25.322365 24.112088 30.040273
24.699891 25.314467 29.364502
26.163981 23.828498 29.445905
24.922644 24.308686 29.786012
23.98942 25.109779 29.898836
25.033855 24.73853 29.468454
25.390962 24.587886 29.372013
24.792146 25.364051 28.352994
25.002692 24.794782 29.351637
23.905692 24.912984 30.134054
24.926646 24.713207 29.53764
24.474044 25.061712 29.496048
24.886939 26.037233 26.864511
25.048826 25.948565 27.933046
25.211701 25.43814 27.939731
24.635975 26.377893 27.030429
24.965679 25.950523 26.994429
24.670469 25.651931 28.0392
25.249002 25.370515 26.201463
24.520822 26.48804 25.890673
24.358791 26.731368 26.487021
24.681411 26.194224 25.559335
25.033855 24.73853 29.468454
26.058984 24.332707 29.247621
25.44216 24.472918 29.665193
25.439314 23.924743 29.775403
26.329901 23.42784 28.785709
25.370081 25.144626 28.704684
26.126658 24.233911 28.438752
26.090413 24.501682 28.39144
25.621045 24.803966 28.538766
25.907368 24.573855 28.351844
25.621045 24.803966 28.538766
25.467027 25.10121 27.565113
25.760498 24.865301 28.247533
25.263637 25.231049 27.238745
25.652022 24.709721 28.65934
26.250476 24.742349 26.33897
25.91963 24.555441 27.230659
25.55798 24.921245 26.984427
25.980465 24.784953 26.660978
25.668666 24.896101 27.396577
25.55798 24.921245 26.984427
25.478356 25.15816 27.025515
25.478356 25.15816 27.025515
25.378866 25.176679 27.102163
24.631985 25.701365 28.557604
25.265286 25.663371 26.042909
26.432292 22.911271 28.887507
26.815323 23.136777 28.300302
25.907368 24.573855 28.351844
26.929278 23.750804 26.8432
25.958114 24.506007 26.712255
25.742058 25.202304 25.355743
25.872865 24.952122 25.53538
25.729703 25.147005 25.915202
25.91963 24.555441 27.230659
25.595914 25.353947 26.2027
25.898713 24.597389 26.703132
26.61553 24.599554 25.432584
25.705436 25.083318 26.714181
25.265286 25.663371 26.042909
25.265286 25.663371 26.042909
25.597105 25.25866 24.822258
26.068074 24.978035 24.900719
25.541299 25.547912 24.731346
26.95245 23.603825 27.835017
26.535854 23.850625 28.114188
26.491712 24.091116 27.532366
26.574338 23.801191 27.595784
26.358825 24.153624 26.549107
26.294486 24.12096 26.854265
26.153528 24.529975 26.453579
26.428293 24.101345 26.741609
27.111568 23.182879 27.744687
26.261197 24.103585 27.065212
25.91963 24.555441 27.230659
26.828014 23.904747 26.99587
25.856921 24.694583 27.082049
26.428293 24.101345 26.741609
26.145979 24.755663 25.163283
26.775342 22.776783 28.508457
26.603109 23.204759 27.954911
27.156177 23.323359 27.334927
27.220697 23.708626 26.226708
27.100927 23.756686 26.639234
26.828014 23.904747 26.99587
26.428293 24.101345 26.741609
26.428293 24.101345 26.741609
26.841589 23.843837 26.077139
26.189773 24.262204 26.500891
27.066481 23.988204 25.668204
26.021703 24.807654 25.496245
26.450616 24.206888 25.799493
26.450616 24.206888 25.799493
26.742035 24.16471 25.183001
26.145979 24.755663 25.163283
25.793308 25.175711 25.331782
26.742035 24.16471 25.183001
25.982573 24.945193 24.93649
26.103365 24.801617 24.812581
25.425647 25.398607 25.476527
27.282718 22.841383 27.745694
27.160126 23.609379 26.455156
26.213574 24.174234 26.954839
27.083283 23.520276 27.122995
26.892909 24.228258 25.01038
25.872865 24.952122 25.53538
26.950669 24.085461 25.718196
26.370953 24.348686 26.336069
26.818261 24.256933 25.022158
27.949322 23.02694 26.3182
27.399667 22.654038 27.480824
27.657162 22.972818 27.436518
28.118501 22.729951 26.406939
27.949322 23.02694 26.3182
27.050213 23.867347 25.823726
27.280766 23.552245 26.852953
27.12894 23.76487 25.963487
26.539953 24.028175 26.451398
27.176387 23.749487 24.494132
26.263744 24.323363 26.405255
26.818261 24.256933 25.022158
26.818261 24.256933 25.022158
26.818261 24.256933 25.022158
26.007486 24.920775 25.21567
27.949322 23.02694 26.3182
27.949322 23.02694 26.3182
27.857439 23.035442 25.473058
27.971645 23.132483 25.376084
26.783938 24.154353 25.350446
27.088804 24.093747 24.726088
27.35602 23.690028 25.652153
28.002616 22.379321 26.623818
27.857005 23.339487 25.753744
28.082256 22.997722 26.359627
27.662216 23.410464 27.007473
26.836529 23.934686 25.810418
28.115249 23.05247 24.09943
27.69688 23.561113 25.088054
27.971645 23.132483 25.376084
28.351259 22.699844 24.162855
28.331061 23.001498 25.392433
28.196278 22.611316 25.448477
28.598239 21.648811 25.560437
28.545255 22.473621 25.908911
28.545255 22.473621 25.908911
28.335936 22.562799 25.096986
28.713755 20.776676 24.688874
28.289296 22.543951 26.504723
28.545255 22.473621 25.908911
28.440939 22.560616 25.048629
28.410472 22.083439 25.964955
28.770355 20.735889 23.16941
28.704734 20.810924 24.840856
28.727136 20.997878 23.995282
28.686502 21.296739 25.580675
28.621848 21.889251 25.507864
28.770355 20.735889 23.16941
28.727136 20.997878 23.995282
28.667246 21.510891 24.208995
28.545255 22.473621 25.908911
28.410472 22.083439 25.964955
28.754002 20.913426 24.487814
28.704734 20.810924 24.840856
28.545255 22.473621 25.908911
28.772023 20.569167 23.756588
28.735201 21.288101 23.92453
28.838734 20.240147 23.672516
28.838734 20.240147 23.672516
28.838734 20.240147 23.672516
28.838734 20.240147 23.672516
28.688821 21.44464 23.874196
28.781327 20.226554 24.439809
28.713755 20.776676 24.688874
28.735201 21.288101 23.92453
28.598239 21.648811 25.560437
28.831081 20.563651 24.339866
28.754002 20.913426 24.487814
28.717757 21.181197 24.440502
28.713755 20.776676 24.688874
28.667246 21.510891 24.208995
28.754002 20.913426 24.487814
28.713755 20.776676 24.688874
28.831081 20.563651 24.339866
28.831081 20.563651 24.339866
28.717757 21.181197 24.440502
28.772023 20.569167 23.756588
28.704734 20.810924 24.840856
28.072824 22.05637 27.033205
28.036592 22.927717 26.397961
27.970108 22.845601 27.152653
28.437878 21.913575 26.126819
28.269612 22.343368 27.005951
28.12275 22.338318 27.027714
27.625999 23.02907 27.319701
27.185539 23.317067 27.520684
27.087557 22.255765 27.930947
