-27.512169 -22.816472 -26.172794
-22.050404 -27.494570 -27.168946
-27.575158 -22.054134 -27.208708
-21.315009 -27.007333 -28.069943
-27.765119 -22.518847 -26.680485
-24.880630 -24.196157 -30.374927
-22.581918 -27.302453 -27.406193
-21.870142 -26.102442 -29.640343
-23.009226 -24.945917 -30.348503
-26.081558 -25.377913 -26.435315
-27.473225 -22.689952 -26.825805
-26.877913 -23.415431 -28.397637
-21.436641 -26.608357 -28.553555
-27.342148 -23.017949 -27.557114
-24.056158 -26.654523 -26.209477
-26.073265 -23.750354 -29.864392
-27.187692 -23.863411 -27.921970
-26.497209 -24.469500 -28.118284
-23.297278 -25.730892 -30.110823
-27.394494 -22.602636 -27.545269
-23.855487 -26.792248 -27.017307
-25.114590 -25.695398 -28.445758
-22.303354 -27.196945 -27.676637
-23.286132 -26.728006 -28.294440
-26.750159 -24.171875 -28.625975
-26.983169 -23.208060 -28.277569
-23.514839 -24.375862 -30.248489
-23.073208 -26.337893 -29.404224
-26.244546 -24.741930 -28.725989
-27.020618 -23.326169 -28.200093
-26.950767 -24.043861 -27.858533
-24.947304 -25.621216 -29.187359
-22.568096 -26.504531 -28.786866
-26.379866 -24.832659 -28.238674
-24.046190 -26.604279 -26.592134
-25.936148 -25.528431 -27.823004
-23.480755 -25.359478 -29.956087
-25.805656 -24.926916 -29.006948
-23.703214 -26.668971 -27.087994
-23.354502 -27.142789 -26.915716
-24.725038 -25.815302 -28.507173
-22.218066 -27.411724 -27.200873
-27.339037 -23.836965 -27.878909
-24.201861 -24.500114 -29.837968
-25.352933 -24.393298 -30.177636
-22.429338 -25.565223 -30.134679
-24.510158 -24.999728 -29.712969
-24.263382 -26.040481 -29.048400
-23.967735 -25.995390 -29.336621
-26.045983 -24.345310 -29.599221
-26.146956 -25.142939 -28.526417
-25.982380 -24.537068 -29.675482
-24.284499 -26.207943 -28.343636
-23.900725 -26.405654 -28.040280
-24.965633 -25.462378 -29.574323
-25.694328 -23.752093 -29.913162
-25.247413 -25.068448 -29.417783
-22.141558 -27.377531 -27.276373
-23.467764 -27.099925 -27.695338
-25.506065 -25.336065 -28.664252
-23.581582 -27.067947 -26.604382
-23.377291 -26.059363 -29.290845
-24.370875 -25.922518 -28.905741
-22.384117 -26.268259 -29.448065
-26.707545 -24.217829 -28.275273
-25.278985 -25.410907 -28.975586
-26.478835 -23.963026 -28.812825
-26.833424 -24.407020 -27.978923
-25.174384 -25.546374 -28.876025
-24.612828 -25.797668 -29.002882
-21.426673 -26.558113 -28.936212
-23.789614 -25.269049 -29.789461
-24.098353 -25.002847 -29.733640
-25.551496 -24.789918 -29.304404
-26.330862 -23.373617 -29.368612
-26.276167 -23.274261 -29.652305
-23.504603 -26.104359 -29.133539
-25.612488 -25.174766 -28.068729
-26.092630 -25.297107 -27.336519
-26.442590 -24.230797 -28.765513
-26.058606 -24.629291 -29.514639
-25.022041 -25.948737 -27.765939
-24.363230 -26.295259 -27.624172
-25.427334 -25.248749 -29.383716
-23.502851 -26.980631 -27.323846
-24.569341 -26.360211 -27.261887
-24.822291 -26.062586 -27.769578
-23.805760 -26.880697 -26.903848
-26.711547 -24.622350 -28.026901
-23.589641 -26.884595 -27.647360
-23.628125 -26.835161 -27.128956
-27.404462 -22.652880 -27.162612
-26.882004 -24.006789 -28.195340
-24.294467 -26.258187 -27.960979
-26.428491 -24.700409 -27.795542
-25.450892 -25.881510 -28.067493
-25.035859 -25.608082 -29.165222
-24.579626 -25.826855 -28.596198
-25.770554 -23.844316 -29.752319
-26.455122 -24.664160 -27.575890
