-26.432799 -24.558617 -28.518006
-26.853559 -23.428011 -28.071006
-26.021836 -24.414558 -29.309597
-26.354068 -24.471301 -29.237470
-24.965633 -25.462378 -29.574323
-27.185700 -23.393656 -27.724626
-25.291207 -25.449238 -28.532409
-25.786922 -25.817170 -26.209681
-23.944963 -26.029281 -29.263359
-25.821080 -25.286018 -28.806633
-23.888555 -26.553436 -28.588687
-25.350118 -26.259235 -27.146581
-25.619833 -24.318339 -29.645561
-25.037202 -24.986341 -29.548336
-23.305056 -27.112712 -26.291968
-25.639657 -25.961059 -27.130530
-25.251673 -25.972299 -27.915211
-27.301639 -22.456094 -27.840498
-26.066960 -25.300078 -26.132827
-24.301866 -25.991047 -28.529996
-24.616796 -24.965555 -30.104900
-25.552468 -24.716842 -29.456923
-26.313582 -24.986899 -27.893871
-24.338749 -26.528145 -27.984186
-27.245857 -24.606770 -27.103879
-26.781249 -25.070438 -27.116127
-25.992099 -25.350478 -27.026514
-26.084154 -25.208368 -27.816081
-24.215218 -26.715802 -27.138533
-26.766709 -24.073394 -29.282272
-24.724610 -24.221747 -30.126225
-25.752658 -25.621758 -28.016802
-24.005381 -25.174995 -29.878456
-24.577809 -26.400927 -27.231840
-26.244975 -25.119558 -27.115092
-24.998858 -25.862175 -28.705831
-24.948687 -26.288903 -27.939128
-26.824333 -24.775709 -26.281768
-24.234502 -25.731105 -29.247308
-26.930495 -24.463366 -28.049711
-23.529294 -26.695425 -28.146572
-26.173085 -25.038206 -28.567472
-23.578089 -26.854140 -27.660564
