-23.023777 -26.795065 -27.634869
-24.737056 -25.430776 -29.083862
-27.771697 -21.660286 -26.596162
-23.598252 -24.607749 -30.605528
-24.299766 -26.948265 -26.861600
-27.805544 -21.774724 -26.129743
-26.173085 -25.038206 -28.567472
-27.081281 -24.000899 -28.252944
-24.967149 -25.958008 -28.318764
-25.267529 -25.517709 -28.631129
-26.130386 -24.217005 -29.668559
-26.964420 -24.633223 -27.477159
-26.354068 -24.471301 -29.237470
-25.018676 -24.041815 -30.725008
-24.377233 -26.478711 -27.465782
-24.942332 -24.974613 -29.398845
-23.302273 -24.338403 -31.168238
-23.854245 -25.793390 -28.794901
-25.060325 -26.346588 -26.639257
-24.350029 -24.475202 -30.591490
-25.888444 -25.545960 -28.089321
-26.516951 -24.858836 -27.804945
-25.396701 -24.989540 -29.310346
-23.659894 -26.015352 -29.762561
-23.706211 -26.217845 -28.691400
-25.316688 -24.661069 -30.130324
-26.432799 -24.558617 -28.518006
-25.199455 -25.902554 -27.566584
-25.661018 -24.519289 -29.815885
-23.084348 -26.894312 -27.406421
-25.728050 -24.375710 -29.981643
-27.109680 -24.260224 -27.554391
-24.298502 -26.391395 -28.185246
-25.663363 -25.754857 -26.922732
-24.157564 -25.073748 -29.996640
-26.716227 -24.143694 -29.159330
-23.924211 -25.545101 -30.268100
-24.294473 -25.452731 -29.598006
-26.781249 -25.070438 -27.116127
