22.123086 23.155527 31.226733
21.419977 25.848809 29.850651
22.122001 26.020447 29.660205
22.519163 25.62661 30.060412
21.297151 26.063339 29.101528
22.708102 25.622421 30.366902
22.386299 26.232049 28.971387
21.70121 26.566936 28.766856
21.047049 26.850609 28.10571
21.70121 26.566936 28.766856
21.854785 26.424166 28.73414
21.248015 26.783978 28.313463
22.162229 26.83905 28.264788
21.047049 26.850609 28.10571
21.907899 26.677692 28.570949
21.930869 27.281641 27.541655
20.707382 27.351785 27.537684
20.420232 27.660604 26.595178
20.420232 27.660604 26.595178
19.748438 27.732872 26.398797
22.277456 27.536274 26.797908
19.748438 27.732872 26.398797
21.770979 27.697385 26.050123
20.515408 27.850627 26.083814
21.848361 27.538406 26.969742
20.420232 27.660604 26.595178
20.68307 27.767781 26.115741
19.748438 27.732872 26.398797
21.457093 27.62412 26.970402
21.054214 27.705759 26.347839
20.420232 27.660604 26.595178
22.5789 27.474023 26.667501
24.059244 23.798716 30.898601
23.900248 23.853951 30.99323
22.839187 24.665584 31.060335
23.304747 24.627098 30.984074
23.304747 24.627098 30.984074
22.011928 25.038138 30.719532
22.251494 25.030572 30.759335
22.839187 24.665584 31.060335
22.802942 24.933355 31.013023
23.302273 24.338403 31.168238
23.149305 25.141483 30.66661
23.147272 24.791575 30.698584
23.149305 25.141483 30.66661
22.451739 25.111155 30.705037
23.345077 25.387657 30.099144
22.556891 25.832298 29.550645
22.844041 25.523479 30.493151
22.453772 25.461063 30.673063
22.519163 25.62661 30.060412
22.27771 25.747743 29.854425
22.71807 25.672665 29.984245
22.456595 26.078791 28.727998
22.02476 26.045368 29.346734
22.382928 25.847613 28.981492
22.48885 26.001609 28.848155
23.418407 26.128312 28.667952
22.386299 26.232049 28.971387
22.583173 25.928196 28.927194
22.975475 26.34052 28.715308
22.722525 26.638145 28.207617
22.331084 26.970133 27.568729
22.277456 27.536274 26.797908
22.279942 26.6601 28.721761
22.501526 26.929273 27.504507
22.055872 27.267101 28.015162
22.465216 25.958251 28.891788
23.162131 26.675773 28.024044
22.290837 26.833383 27.769789
22.199957 27.044738 27.755021
22.331084 26.970133 27.568729
22.815708 26.922066 27.165941
23.124292 26.418827 28.244772
22.277456 27.536274 26.797908
22.883072 27.182008 26.448629
22.487127 27.319119 27.014574
22.684581 26.996671 27.352233
22.415493 27.233574 27.138867
22.237209 27.399524 26.998968
23.418388 26.810165 27.473595
22.655701 26.687295 27.551141
21.773119 27.443283 27.497547
22.992272 27.10888 26.880394
22.277456 27.536274 26.797908
20.180666 27.66817 26.555375
22.064176 27.53651 26.356754
22.880755 27.307125 26.998818
22.063209 27.57383 25.822049
23.147272 24.791575 30.698584
24.816752 24.682143 30.140287
23.666716 25.226321 30.312406
23.169002 24.738368 30.657763
24.517691 24.392356 30.623417
23.169002 24.738368 30.657763
23.302273 24.338403 31.168238
23.588175 24.84222 30.41988
24.196454 24.617972 30.624206
24.18601 24.602665 30.83519
24.2484 24.533415 30.778293
23.870597 24.7674 30.202717
23.963744 25.1662 29.86125
24.494349 24.727166 30.045873
23.244222 25.434493 29.865327
25.001741 24.508509 30.341451
25.333422 24.2982 30.129678
24.389512 25.016408 29.668762
23.588175 24.84222 30.41988
24.494349 24.727166 30.045873
23.397866 25.306167 30.315092
24.726309 24.703041 30.020555
23.771567 25.811871 29.077315
23.246696 25.723188 29.681163
24.292327 24.931173 29.776637
23.64632 25.283731 29.735477
23.446941 25.803771 29.626865
24.042809 25.592894 28.813683
23.935655 26.042289 28.486825
23.636311 26.612399 27.83224
23.929508 26.451524 28.138871
22.815708 26.922066 27.165941
23.978167 26.181924 27.701965
23.561073 26.73889 27.495522
24.389972 26.178805 27.681294
23.571517 26.754197 27.284538
23.571517 26.754197 27.284538
23.677361 26.773993 27.084925
23.494135 26.913176 26.364919
23.537233 26.898335 27.109775
24.299529 26.199703 27.561562
23.526789 26.883028 27.320759
23.792924 26.897396 26.892015
23.001747 27.000926 27.052327
23.747529 26.936682 26.083588
23.494135 26.913176 26.364919
23.200938 27.074051 26.058288
24.294326 26.537958 27.624859
23.069811 27.148656 26.24458
23.494135 26.913176 26.364919
23.672932 26.942481 25.810613
23.352564 26.972474 26.762195
23.494135 26.913176 26.364919
25.095951 24.486846 30.165229
24.18601 24.602665 30.83519
25.018676 24.041815 30.725008
24.332128 24.73021 30.543075
24.332128 24.73021 30.543075
25.834407 23.947659 30.231269
25.018676 24.041815 30.725008
24.599225 24.232848 30.35985
25.392466 24.014397 29.770786
24.092562 24.737776 30.503272
23.799744 24.817846 29.96286
23.842112 25.565176 29.377638
23.992624 25.475576 29.662342
24.497684 25.315393 29.106318
24.494349 24.727166 30.045873
24.55292 25.274671 29.605171
23.955953 26.373552 27.635531
24.068896 25.887343 28.706858
24.960476 25.434917 28.921268
24.631985 25.701365 28.557604
25.048826 25.948565 27.933046
24.735529 26.05702 27.924567
24.878154 26.00518 28.467032
24.453366 25.595544 28.711033
23.840055 26.260996 28.292432
23.955953 26.373552 27.635531
23.935655 26.042289 28.486825
23.818794 26.674613 27.71104
23.935655 26.042289 28.486825
24.878154 26.00518 28.467032
24.121595 26.154928 27.698175
24.284773 26.650549 26.723335
23.897525 26.761929 26.991576
24.294326 26.537958 27.624859
24.314738 26.603509 27.031218
24.626007 26.327649 27.413086
24.358791 26.731368 26.487021
24.520822 26.48804 25.890673
26.056071 23.27583 29.64967
25.392466 24.014397 29.770786
24.926646 24.713207 29.53764
24.494349 24.727166 30.045873
25.433576 24.541932 29.722715
24.816752 24.682143 30.140287
24.671011 25.005091 29.56341
25.054446 24.491332 29.820429
24.816752 24.682143 30.140287
24.127763 25.038737 29.61755
24.249974 25.668713 28.789449
24.816752 24.682143 30.140287
25.058097 25.559138 27.784957
25.033855 24.73853 29.468454
25.509802 24.634155 29.561872
24.013652 25.283339 29.158333
25.260187 25.113562 29.307331
25.39627 24.837962 28.281305
25.002692 24.794782 29.351637
25.218183 24.652475 29.34774
24.96195 25.172191 28.045684
24.631985 25.701365 28.557604
24.152758 26.098676 27.814992
24.81027 25.467808 28.732278
24.314738 26.603509 27.031218
24.880829 26.059596 26.743053
24.635975 26.377893 27.030429
24.025631 26.744387 25.463686
25.34495 25.694607 26.368618
24.358791 26.731368 26.487021
26.546075 22.830121 29.143862
26.163981 23.828498 29.445905
26.69101 23.681717 28.440896
24.589478 24.923347 29.670182
26.126658 24.233911 28.438752
26.090413 24.501682 28.39144
25.580798 24.667216 28.739826
25.604618 24.847321 27.143689
25.621045 24.803966 28.538766
25.180895 25.384019 27.867494
25.644865 24.984071 26.942629
25.788474 24.67277 27.359965
24.679792 26.460714 26.124832
24.520822 26.48804 25.890673
24.520822 26.48804 25.890673
25.660976 25.295584 25.220874
26.229589 23.99185 27.778277
26.627886 22.61471 28.778703
26.329901 23.42784 28.785709
26.775342 22.776783 28.508457
26.694955 23.285045 27.879323
26.545915 23.974582 28.293257
26.573342 23.739036 27.685448
25.907368 24.573855 28.351844
25.986099 24.661171 27.63238
25.971882 24.774292 27.351805
25.907368 24.573855 28.351844
25.705436 25.083318 26.714181
26.38753 24.631503 26.839833
25.227392 25.49882 27.191433
25.821095 24.935668 26.263687
25.597097 25.372138 27.422564
25.986099 24.661171 27.63238
25.74392 25.033884 26.195777
26.055719 24.922736 25.460178
25.729703 25.147005 25.915202
26.739097 23.044554 28.461145
26.992697 23.740575 27.633957
26.775342 22.776783 28.508457
25.579034 24.814621 27.453525
26.86445 23.760033 26.747803
26.567938 24.183339 27.371523
25.74392 25.033884 26.195777
25.793308 25.175711 25.331782
25.982573 24.945193 24.93649
26.145979 24.755663 25.163283
26.775342 22.776783 28.508457
26.715084 24.278681 26.326722
26.388877 24.379893 27.077125
25.920486 24.790819 25.676203
26.61553 24.599554 25.432584
26.4112 24.485436 26.135009
26.818261 24.256933 25.022158
26.145979 24.755663 25.163283
27.156177 23.323359 27.334927
27.039228 23.510704 27.599797
26.662061 24.369683 25.398424
25.729703 25.147005 25.915202
26.374955 24.753207 26.087697
26.818261 24.256933 25.022158
26.742035 24.16471 25.183001
26.818261 24.256933 25.022158
27.657162 22.972818 27.436518
27.662216 23.410464 27.007473
26.892876 23.858984 25.986669
27.738442 23.502687 26.84663
27.096334 23.77634 25.224125
27.105606 23.625819 26.180879
27.35602 23.690028 25.652153
26.818261 24.256933 25.022158
27.35602 23.690028 25.652153
28.071199 22.81161 26.270222
27.949322 23.02694 26.3182
27.757451 23.66036 24.859606
26.742035 24.16471 25.183001
27.176387 23.749487 24.494132
26.137355 24.956959 24.751064
28.118501 22.729951 26.406939
27.662216 23.410464 27.007473
27.949322 23.02694 26.3182
28.071199 22.81161 26.270222
28.118501 22.729951 26.406939
27.971645 23.132483 25.376084
27.149423 23.70864 25.275282
27.140142 24.017258 24.44682
27.832998 23.033297 26.007005
28.242269 22.790225 25.932828
28.28254 22.505549 25.696944
28.564625 21.512069 25.628653
28.331061 23.001498 25.392433
27.9661 23.267022 25.44317
28.180201 22.616416 26.815297
28.410472 22.083439 25.964955
28.410472 22.083439 25.964955
28.351259 22.699844 24.162855
28.331061 23.001498 25.392433
28.213574 22.68393 26.120684
28.545255 22.473621 25.908911
28.686502 21.296739 25.580675
28.667246 21.510891 24.208995
28.545255 22.473621 25.908911
28.686502 21.296739 25.580675
28.667246 21.510891 24.208995
28.545255 22.473621 25.908911
28.260275 23.109118 25.38519
28.708904 21.483693 24.735101
28.410472 22.083439 25.964955
28.545255 22.473621 25.908911
28.754002 20.913426 24.487814
28.704734 20.810924 24.840856
28.838734 20.240147 23.672516
28.838734 20.240147 23.672516
28.545255 22.473621 25.908911
28.727136 20.997878 23.995282
28.621848 21.889251 25.507864
28.735201 21.288101 23.92453
28.713755 20.776676 24.688874
28.838734 20.240147 23.672516
28.770355 20.735889 23.16941
28.831081 20.563651 24.339866
28.727136 20.997878 23.995282
28.772023 20.569167 23.756588
28.704734 20.810924 24.840856
28.626754 21.463793 24.87526
28.772023 20.569167 23.756588
28.410472 22.083439 25.964955
28.704734 20.810924 24.840856
28.598239 21.648811 25.560437
28.772023 20.569167 23.756588
28.686502 21.296739 25.580675
28.754002 20.913426 24.487814
28.772023 20.569167 23.756588
28.626754 21.463793 24.87526
28.717757 21.181197 24.440502
28.704734 20.810924 24.840856
28.831081 20.563651 24.339866
28.598239 21.648811 25.560437
28.598239 21.648811 25.560437
28.770355 20.735889 23.16941
28.754002 20.913426 24.487814
28.713755 20.776676 24.688874
28.717757 21.181197 24.440502
28.866079 19.668433 23.156532
28.731337 20.209469 24.51159
28.781327 20.226554 24.439809
28.713755 20.776676 24.688874
28.328783 21.98604 26.437393
28.226998 22.389322 26.655249
28.269612 22.343368 27.005951
28.559755 21.698245 26.078841
27.499164 23.212064 27.9546
