-24.188970 -25.787296 -29.123715
-25.280799 -24.141081 -30.479097
-23.372520 -25.826015 -29.583018
-24.334194 -25.037012 -29.986133
-27.691736 -23.638871 -27.531982
-23.931995 -26.826441 -26.941807
-25.466618 -25.111837 -29.675914
-26.147305 -24.766851 -28.412518
-25.291449 -23.213477 -30.293440
-24.751980 -23.613452 -30.710253
-24.599511 -25.453792 -29.511641
-24.246367 -24.183507 -30.810267
-26.130386 -24.217005 -29.668559
-26.713914 -24.439646 -28.578663
-24.870739 -25.351652 -29.198755
-25.910633 -24.039882 -30.070426
-26.354068 -24.471301 -29.237470
-26.242905 -25.257976 -26.570539
-23.464024 -26.872160 -27.427197
-25.205794 -25.795895 -28.114193
-24.411334 -24.820407 -30.373791
-26.213517 -25.378037 -28.355360
-24.214273 -26.062239 -28.752737
-23.735046 -26.459550 -28.010125
-23.368013 -25.187412 -29.799156
-24.537147 -26.229282 -27.980675
-27.000665 -24.365452 -27.524471
-26.507222 -24.787725 -27.076078
-25.896930 -24.615444 -29.567033
-24.949351 -25.879713 -28.662684
-25.805656 -24.926916 -29.006948
-23.119570 -26.123640 -29.075327
-22.855253 -26.593891 -28.569788
-26.197909 -23.185771 -29.721583
-26.859681 -23.901246 -29.137456
-23.443612 -26.806609 -28.020838
-25.319162 -24.949764 -29.946160
-25.648548 -25.422490 -28.432223
