-27.687649 -23.302436 -28.201586
-22.050905 -25.466101 -30.218768
-22.724651 -27.259584 -26.492256
-23.134012 -27.012786 -26.131710
-22.167766 -24.833777 -30.994553
-26.580486 -22.516732 -29.347528
-25.859150 -23.068023 -29.830921
-27.576438 -22.872592 -28.519144
-27.472930 -23.375325 -28.414816
-25.182585 -23.270817 -30.188957
-23.905496 -26.648273 -26.732553
-23.123568 -26.997479 -26.342694
-23.216889 -24.242193 -30.566438
-26.978656 -22.671629 -28.618060
-25.389204 -25.968389 -27.888467
-24.906990 -24.329259 -30.090675
-26.009738 -24.613081 -29.551909
-25.549565 -25.703625 -27.322085
-26.527457 -23.899671 -29.652854
-26.239265 -24.695790 -28.096963
-23.656820 -26.941456 -26.941100
-27.207112 -23.434978 -27.143227
-26.876465 -22.786078 -28.784818
-22.470321 -27.098226 -26.798417
-22.341479 -27.228726 -26.822958
-24.250400 -25.145362 -29.410133
-26.687818 -23.634907 -29.086472
-22.574160 -26.474361 -28.629064
-24.101786 -25.210612 -29.748236
-25.061588 -23.505467 -30.378535
-24.505487 -26.287327 -26.538562
-22.672253 -26.588763 -28.436080
-23.518319 -23.414442 -30.928798
-23.069433 -24.080120 -30.836684
-26.934045 -23.899029 -27.778014
-22.829387 -24.855383 -30.509683
-22.955006 -26.412581 -28.953695
-23.445284 -25.410829 -30.103900
-23.712748 -26.324175 -27.740999
-25.517523 -25.763902 -27.421419
-26.055178 -25.133570 -27.222071
-24.963717 -24.424882 -29.898547
-23.328423 -26.043153 -29.328115
-24.596055 -26.509824 -26.518680
-23.858296 -25.879933 -29.602339
-27.070390 -24.012802 -27.544595
-26.779880 -23.423313 -28.993231
-27.060289 -23.773232 -28.370014
-25.324463 -23.814510 -29.841871
-24.466931 -25.827431 -28.296962
-23.621981 -23.706137 -30.710021
-24.155414 -23.620521 -30.752542
-25.017408 -24.921670 -29.171829
-24.539299 -24.529043 -29.956872
-25.293567 -25.154575 -28.721917
-25.710290 -24.662117 -28.614599
-26.219905 -24.496583 -28.266213
-24.357263 -25.792757 -28.864518
-25.134576 -25.329863 -28.984100
-22.406711 -26.713916 -27.662445
-24.959474 -25.022655 -29.235889
-23.829667 -26.508627 -27.020772
-25.000369 -26.091551 -27.532712
-23.073940 -24.718723 -30.620546
-24.829296 -25.562534 -28.128247
-24.793338 -25.528671 -28.465230
-23.007562 -26.154359 -28.848478
-26.167477 -24.792642 -27.604482
-25.103922 -24.117485 -29.676394
-26.631091 -23.539284 -29.278600
-22.909001 -27.095748 -27.163677
-25.438053 -23.545025 -29.935476
-23.578089 -26.854140 -27.660564
-25.929846 -24.973588 -27.920035
-27.178034 -23.467970 -28.549972
-23.311317 -26.353843 -28.533546
-24.733699 -23.936495 -30.096843
-24.282242 -23.618453 -30.290927
-22.872960 -25.734202 -29.805647
-25.887819 -25.451015 -27.094268
-24.025325 -26.229679 -28.050573
-25.634232 -24.781459 -28.754257
-23.015282 -26.887681 -27.027798
-25.962673 -25.377205 -26.483562
-22.354926 -27.210298 -26.815092
-23.604534 -26.776168 -27.157224
-23.683265 -26.863484 -26.437760
-23.684267 -24.102905 -30.465935
-24.849611 -25.105873 -29.676859
-24.299661 -25.432878 -29.111848
-26.026220 -24.283553 -28.676440
-24.057543 -24.539936 -30.272554
-25.410264 -23.733701 -29.738807
-25.666426 -25.071301 -28.097870
-24.000288 -26.260685 -28.561111
-25.506204 -24.946205 -28.502632
-24.406524 -26.080273 -28.566233
-26.147792 -24.748151 -28.591890
-26.880803 -24.749565 -28.010265
-23.886387 -25.636652 -28.971985
