-26.016975 -25.151507 -28.522341
-26.010321 -25.330630 -28.041343
-24.626074 -26.191475 -27.621400
-24.560444 -25.226891 -30.049921
-27.071196 -24.309658 -28.072795
-26.130386 -24.217005 -29.668559
-25.544157 -25.151613 -29.040100
-25.754724 -25.519186 -26.365429
-24.197053 -26.761151 -27.285770
-26.049985 -24.749831 -29.350849
-27.674588 -23.186471 -26.915311
-25.378147 -25.782277 -27.799062
-25.018676 -24.041815 -30.725008
-24.307494 -25.524516 -29.542230
-27.517407 -23.357121 -28.280876
-25.545648 -25.480550 -28.485737
-27.554124 -23.362704 -25.679297
-27.864311 -22.349413 -28.113397
-24.415985 -26.124923 -28.186938
-25.063738 -24.958694 -29.622633
-26.806956 -24.210144 -29.081212
-25.822301 -24.091014 -30.030310
-25.213668 -25.409462 -29.168223
-24.328850 -25.881672 -28.898572
-25.339003 -25.983516 -27.331224
-25.646801 -24.632410 -29.535310
-27.290437 -24.049437 -28.391056
-26.649721 -24.419886 -28.569971
-24.775186 -24.711136 -30.579111
-26.556752 -24.821972 -28.032843
-23.734092 -25.712263 -29.551322
-26.860708 -23.671991 -28.943253
-26.513318 -23.693118 -29.483869
-28.025679 -22.037622 -26.434399
-23.700141 -26.152102 -29.561501
-26.194175 -25.197191 -26.442625
-23.987042 -25.414638 -30.059013
-25.316688 -24.661069 -30.130324
-27.830831 -22.881015 -26.063581
-23.617231 -26.344587 -28.775537
-25.242548 -25.718838 -28.969315
