-26.720678 -24.971191 -27.344575
-24.689802 -24.614926 -29.977311
-24.880630 -24.196157 -30.374927
-23.971369 -26.049962 -29.248615
-24.428631 -23.952401 -30.688935
-24.556538 -26.529239 -27.998649
-22.309013 -26.599309 -28.165027
-23.600125 -26.655277 -27.980968
-25.220258 -25.570950 -28.818842
-25.403523 -24.200509 -29.860191
-24.035498 -26.865181 -25.997213
-23.638205 -24.917815 -30.589590
-27.454869 -23.584945 -25.885343
-26.859681 -23.901246 -29.137456
-23.521344 -25.550139 -29.813805
-24.321360 -24.908093 -30.363985
-23.922178 -25.195193 -30.300074
-25.484483 -24.012911 -30.116766
-26.701796 -24.228169 -28.761571
-26.348795 -24.559763 -29.602354
-23.555203 -26.499894 -28.438369
-25.199827 -25.293393 -29.354539
-26.105906 -24.981345 -29.273732
-23.114589 -26.402033 -28.999119
-24.365128 -25.504335 -29.496695
-25.057523 -26.178698 -28.100240
-25.712705 -24.987826 -29.508560
-26.184637 -25.068661 -28.554268
-21.970501 -26.335442 -29.153836
-25.639657 -25.961059 -27.130530
-24.510869 -25.181387 -30.073572
-22.332921 -25.882120 -29.827875
-25.852409 -23.534831 -29.952305
-25.544157 -25.151613 -29.040100
-24.519913 -25.931777 -28.670062
-24.715161 -26.191044 -27.257205
-26.758926 -24.964895 -28.058243
-26.571489 -24.442828 -28.536644
-25.612569 -25.467017 -28.392006
-23.807350 -26.177425 -29.492315
-26.423524 -24.242558 -29.131262
-24.728340 -25.510275 -28.978978
-27.122357 -23.947041 -27.487545
-27.675755 -22.951216 -27.384706
