15.013047 17.156981 20.807716
15.484053 16.484707 21.256043
14.392172 17.823827 20.721086
15.013047 17.156981 20.807716
15.077842 17.805746 20.184274
14.258212 17.85098 20.698077
14.075756 17.154298 21.038971
14.392172 17.823827 20.721086
14.075756 17.154298 21.038971
14.258212 17.85098 20.698077
14.61124 17.802403 20.815044
14.251348 18.195956 20.095402
13.919139 18.008252 20.693194
14.064662 18.414083 19.951038
14.251348 18.195956 20.095402
13.84014 18.530222 19.498126
14.48306 18.362993 19.539172
14.304256 18.528291 19.813881
13.893048 18.862557 19.216605
15.983064 16.932795 21.029252
15.150031 16.853351 21.063406
15.377962 17.424834 20.582762
15.003356 17.735567 20.795155
15.013047 17.156981 20.807716
14.784288 17.756991 20.701197
14.757087 18.09168 20.496132
14.258212 17.85098 20.698077
14.217373 18.358384 20.234801
14.404059 18.140257 20.379165
14.404059 18.140257 20.379165
14.217373 18.358384 20.234801
14.571329 18.306114 19.48312
14.326003 18.288317 19.659992
13.84014 18.530222 19.498126
13.84014 18.530222 19.498126
14.079734 18.64443 19.360969
13.84014 18.530222 19.498126
13.893048 18.862557 19.216605
13.893048 18.862557 19.216605
13.893048 18.862557 19.216605
15.070978 18.150722 19.581599
14.65977 18.484988 18.984323
15.070978 18.150722 19.581599
14.205236 18.592196 18.828848
14.428892 18.591658 18.377942
14.404059 18.140257 20.379165
14.428892 18.591658 18.377942
15.855858 17.93482 18.865323
13.84014 18.530222 19.498126
14.079734 18.64443 19.360969
15.405163 17.090145 20.787827
15.377962 17.424834 20.582762
15.191276 17.642961 20.438398
15.983064 16.932795 21.029252
14.623127 18.118833 20.473123
15.41705 17.406575 20.445906
15.230364 17.624702 20.301542
15.41705 17.406575 20.445906
15.565758 17.726323 19.455602
15.55101 17.379422 20.468915
15.024934 17.473411 20.465795
14.778834 17.851706 20.342243
14.623127 18.118833 20.473123
14.984095 17.980815 20.002519
14.831384 18.036514 19.718756
15.379396 17.827896 19.734482
14.831384 18.036514 19.718756
15.203163 17.959391 20.096477
15.203163 17.959391 20.096477
14.810923 18.420322 19.345963
14.984095 17.980815 20.002519
14.831384 18.036514 19.718756
15.390959 18.26088 18.969317
15.770078 17.357998 20.562873
15.770078 17.357998 20.562873
15.203163 17.959391 20.096477
15.515351 17.68903 19.70872
15.203163 17.959391 20.096477
15.337123 17.932238 20.119486
15.881951 17.825221 18.306851
15.855858 17.93482 18.865323
16.074699 17.612701 18.26381
15.451558 17.774822 19.575177
15.390959 18.26088 18.969317
15.703147 17.990519 18.58156
15.390959 18.26088 18.969317
14.711903 18.484227 18.36093
14.355987 18.606792 17.961372
16.295252 16.662434 20.641495
16.65994 16.629592 19.72107
15.823769 17.366204 19.861603
15.649311 17.661877 19.731729
15.823769 17.366204 19.861603
16.321887 17.325765 19.286261
15.703147 17.990519 18.58156
15.390959 18.26088 18.969317
16.295252 16.662434 20.641495
16.65994 16.629592 19.72107
15.430095 17.424073 19.959369
16.65994 16.629592 19.72107
16.838744 16.464294 19.446361
15.515351 17.68903 19.70872
16.010131 17.264631 19.582723
16.074699 17.612701 18.26381
16.208659 17.585548 18.286819
16.295252 16.662434 20.641495
16.268051 16.997123 20.43643
16.65994 16.629592 19.72107
16.65994 16.629592 19.72107
16.441099 16.951711 20.322583
16.838744 16.464294 19.446361
16.249725 17.378839 19.445566
16.416867 17.558015 18.336836
15.390959 18.26088 18.969317
15.881951 17.825221 18.306851
16.268051 16.997123 20.43643
16.31 17.009335 19.628182
16.683568 15.900532 19.946088
16.268051 16.997123 20.43643
16.030657 17.400263 19.351608
16.030657 17.400263 19.351608
15.925648 17.692979 18.303831
16.683568 15.900532 19.946088
16.617209 16.944351 19.453403
16.838744 16.464294 19.446361
16.856803 17.058559 19.316246
15.389256 17.931477 19.496093
16.637735 17.079983 19.222288
15.915919 17.750788 17.613495
15.867694 17.550175 18.477545
16.617209 16.944351 19.453403
16.431613 17.16021 19.358584
16.617209 16.944351 19.453403
16.455847 17.298612 19.30927
15.62885 18.045685 19.358936
16.485024 17.135682 18.938525
16.208659 17.585548 18.286819
16.712745 15.737602 19.575343
15.966714 17.48627 19.462578
16.503775 17.107136 19.199279
16.431613 17.16021 19.358584
16.683568 15.900532 19.946088
16.683568 15.900532 19.946088
16.619903 16.786413 20.047874
16.128911 17.222072 20.71034
16.712745 15.737602 19.575343
16.856803 17.058559 19.316246
16.038876 17.433196 19.303273
16.891549 15.572304 19.300634
17.153709 15.176539 17.904468
16.945728 15.504767 18.549922
16.856803 17.058559 19.316246
17.026748 14.832675 17.949447
16.945728 15.504767 18.549922
16.977119 15.605158 18.094511
16.956846 14.747572 18.309292
16.867921 16.301364 19.075616
16.917877 15.582047 18.188167
16.891549 15.572304 19.300634
16.906614 15.098595 18.647623
16.942157 16.037417 17.398356
16.908189 16.11185 18.091712
17.153709 15.176539 17.904468
16.891549 15.572304 19.300634
17.026748 14.832675 17.949447
16.996824 15.343428 16.662406
16.974905 15.341837 18.179177
17.153709 15.176539 17.904468
17.026748 14.832675 17.949447
17.169618 14.507841 17.341227
16.872712 16.389861 18.753005
16.993255 15.237155 18.226741
17.169618 14.507841 17.341227
17.169618 14.507841 17.341227
17.153709 15.176539 17.904468
16.956846 14.747572 18.309292
16.896146 16.0187 18.633926
16.467192 16.842112 19.764111
16.633986 16.414465 20.030092
16.280506 17.060239 19.619747
16.474056 16.497136 20.366786
15.460047 17.594239 19.930496
15.596416 17.461804 19.828552
15.397398 17.562734 20.302102
16.619903 16.786413 20.047874
16.142994 16.850124 20.692558
15.796922 17.594271 19.828251
15.55101 17.379422 20.468915
15.223147 17.322093 20.662124
15.3663 17.769308 19.748741
