-15.556144 -18.190668 -17.284830
-16.669890 -16.975991 -18.476411
-16.474056 -16.497136 -20.366786
-13.429761 -18.795180 -18.664249
-15.273122 -16.580363 -21.123305
-13.751288 -18.863975 -17.875228
-14.064662 -18.414083 -19.951038
-13.431307 -18.753817 -18.487510
-15.544257 -17.874238 -17.626751
-14.624237 -18.638449 -19.201599
-13.922225 -18.699627 -18.845860
-13.778044 -18.728519 -18.356286
-14.737289 -18.568998 -18.140505
-16.295252 -16.662434 -20.641495
-15.983064 -16.932795 -21.029252
-16.619903 -16.786413 -20.047874
-14.239461 -17.879526 -20.437323
-15.477325 -17.037071 -20.628522
-15.150031 -16.853351 -21.063406
-15.616419 -17.821164 -17.467446
-16.012241 -16.769865 -20.658507
-16.351064 -17.162835 -18.915516
-14.923975 -18.350871 -18.284869
-15.248169 -18.141366 -17.833308
-13.919139 -18.008252 -20.693194
-14.483060 -18.362993 -19.539172
-16.503775 -17.107136 -19.199279
-16.158088 -17.059142 -20.339595
-14.157253 -18.728440 -18.517151
-15.838181 -17.641802 -18.155875
-15.949180 -17.406581 -19.777188
-15.176007 -18.194440 -17.992613
-14.326003 -18.288317 -19.659992
-15.743058 -17.486808 -19.913484
-14.789422 -18.568237 -17.517112
-14.392172 -17.823827 -20.721086
-16.063039 -17.596966 -19.301202
-14.653414 -18.475519 -18.830854
-14.796825 -17.426406 -20.860154
-15.347189 -18.077461 -18.818341
-14.965158 -18.248797 -17.850320
-16.278902 -17.215909 -19.074821
-16.127984 -17.241283 -19.502479
-14.285277 -17.308903 -20.927988
-14.304256 -18.528291 -19.813881
-14.898375 -17.996901 -19.419453
-15.896272 -17.074246 -20.058709
-16.269161 -17.516739 -19.164906
-15.815220 -17.433734 -19.754179
-16.298338 -17.353809 -18.794161
-14.217373 -18.358384 -20.234801
-14.786264 -17.928750 -20.125387
-14.433236 -17.977327 -20.008420
-15.438462 -17.716234 -19.589436
-15.405163 -17.090145 -20.787827
-14.688947 -18.322058 -18.613578
-15.003356 -17.735567 -20.795155
-14.529561 -18.088023 -19.847044
-15.112161 -18.048648 -19.147050
-15.480411 -17.728446 -18.781188
-15.833763 -17.563315 -19.321399
-14.832218 -18.310221 -18.556145
-15.766019 -17.694876 -18.315180
-16.416867 -17.558015 -18.336836
-14.840100 -18.257392 -18.975218
-14.559442 -17.989684 -19.825041
-15.059091 -17.834292 -19.923520
-16.135201 -17.543892 -19.141897
-16.485024 -17.135682 -18.938525
-16.467192 -16.842112 -19.764111
-15.115229 -18.202790 -18.539133
-15.232340 -17.796461 -19.725732
-14.784288 -17.756991 -20.701197
-15.032335 -17.969748 -19.442462
-14.720045 -18.115484 -19.166939
-15.862297 -17.236674 -20.198108
-15.611285 -17.009918 -20.651531
-14.868163 -17.850470 -20.010848
-16.441099 -16.951711 -20.322583
-15.263002 -17.076579 -20.959494
-15.721473 -17.608803 -19.572424
-15.379072 -17.944450 -19.311238
-15.579286 -17.344105 -20.215120
-15.230364 -17.624702 -20.301542
-14.665076 -18.131045 -19.664875
-15.500332 -17.690267 -19.010809
-16.295578 -17.290586 -19.029678
-15.636992 -17.676942 -20.164945
-15.691260 -17.674089 -18.923481
-16.663828 -16.970384 -18.663816
-15.835811 -17.683186 -17.984648
-15.451234 -17.891376 -19.151933
-15.223147 -17.322093 -20.662124
-15.028020 -18.164786 -18.618461
-15.824123 -17.259582 -20.033316
-14.246550 -18.195454 -19.864056
-15.666169 -17.514012 -19.794200
-15.245112 -17.971603 -19.288229
-14.650328 -17.784144 -20.678188
-16.477142 -17.188511 -18.519452
