-16.431613 -17.160210 -19.358584
-16.856803 -17.058559 -19.316246
-16.172836 -17.406043 -19.326282
-16.617209 -16.944351 -19.453403
-16.518435 -16.093969 -20.475518
-15.636992 -17.676942 -20.164945
-15.976200 -17.277771 -20.426577
-16.142994 -16.850124 -20.692558
-15.770078 -17.357998 -20.562873
-15.096355 -18.285417 -18.477148
-15.345839 -18.153116 -19.375948
-16.838744 -16.464294 -19.446361
-14.324847 -18.777743 -18.044350
-15.881951 -17.825221 -18.306851
-15.337123 -17.932238 -20.119486
-15.251875 -17.156903 -21.044258
-15.434957 -18.047864 -18.640952
-15.983064 -16.932795 -21.029252
-14.304256 -18.528291 -19.813881
-14.840100 -18.257392 -18.975218
-15.968318 -17.330600 -20.007504
-16.429091 -17.434068 -18.828212
-15.896697 -17.427416 -19.328599
-14.611240 -17.802403 -20.815044
-15.158894 -17.446258 -20.488804
-16.155004 -17.112473 -20.151868
-14.375056 -18.263016 -19.528111
-14.607858 -18.670312 -18.027338
-16.455182 -16.579763 -20.304801
-16.146080 -17.541499 -18.845224
-14.624237 -18.638449 -19.201599
-14.217373 -18.358384 -20.234801
-16.619903 -16.786413 -20.047874
-15.125088 -18.166126 -17.513626
-14.799036 -18.103892 -19.687884
-14.052978 -18.779886 -18.879911
-15.003356 -17.735567 -20.795155
-16.441099 -16.951711 -20.322583
-14.757087 -18.091680 -20.496132
-15.832811 -17.791486 -18.626897
-15.565758 -17.726323 -19.455602
