15.484053 16.484707 21.256043
15.013047 17.156981 20.807716
15.013047 17.156981 20.807716
15.191276 17.642961 20.438398
15.024934 17.473411 20.465795
14.075756 17.154298 21.038971
14.61124 17.802403 20.815044
14.392172 17.823827 20.721086
14.053099 17.981099 20.716203
14.258212 17.85098 20.698077
14.757087 18.09168 20.496132
13.919139 18.008252 20.693194
13.919139 18.008252 20.693194
14.064662 18.414083 19.951038
14.392172 17.823827 20.721086
14.404059 18.140257 20.379165
14.404059 18.140257 20.379165
14.053099 17.981099 20.716203
14.304256 18.528291 19.813881
14.064662 18.414083 19.951038
14.757087 18.09168 20.496132
14.079734 18.64443 19.360969
13.84014 18.530222 19.498126
13.751288 18.863975 17.875228
14.217373 18.358384 20.234801
14.304256 18.528291 19.813881
14.217373 18.358384 20.234801
15.211802 17.778593 20.207283
15.405163 17.090145 20.787827
15.405163 17.090145 20.787827
15.077842 17.805746 20.184274
15.013047 17.156981 20.807716
14.392172 17.823827 20.721086
15.024934 17.473411 20.465795
14.784288 17.756991 20.701197
15.003356 17.735567 20.795155
14.61124 17.802403 20.815044
14.404059 18.140257 20.379165
13.84014 18.530222 19.498126
14.829249 18.038606 20.336827
14.65977 18.484988 18.984323
14.251348 18.195956 20.095402
14.304256 18.528291 19.813881
14.079734 18.64443 19.360969
13.893048 18.862557 19.216605
14.571329 18.306114 19.48312
13.893048 18.862557 19.216605
13.84014 18.530222 19.498126
13.893048 18.862557 19.216605
13.893048 18.862557 19.216605
14.711903 18.484227 18.36093
15.409285 17.879164 19.960181
15.527047 15.668193 21.181201
15.983064 16.932795 21.029252
15.983064 16.932795 21.029252
15.998857 16.45097 20.749345
15.230364 17.624702 20.301542
15.770078 17.357998 20.562873
15.405163 17.090145 20.787827
15.003356 17.735567 20.795155
16.128911 17.222072 20.71034
15.41705 17.406575 20.445906
14.571329 18.306114 19.48312
15.203163 17.959391 20.096477
14.984095 17.980815 20.002519
14.810923 18.420322 19.345963
14.571329 18.306114 19.48312
15.039999 18.101722 19.306355
15.855858 17.93482 18.865323
15.04732 18.332757 18.772882
14.711903 18.484227 18.36093
15.390959 18.26088 18.969317
14.624237 18.638449 19.201599
15.390959 18.26088 18.969317
14.624237 18.638449 19.201599
15.41705 17.406575 20.445906
15.377962 17.424834 20.582762
14.623127 18.118833 20.473123
15.275822 18.094262 19.241969
15.337123 17.932238 20.119486
16.265861 17.010836 19.577796
15.255296 17.95863 19.473084
15.390959 18.26088 18.969317
14.65977 18.484988 18.984323
15.390959 18.26088 18.969317
15.703147 17.990519 18.58156
16.030657 17.400263 19.351608
16.010131 17.264631 19.582723
15.203163 17.959391 20.096477
16.455847 17.298612 19.30927
15.881951 17.825221 18.306851
16.010131 17.264631 19.582723
16.216253 17.184404 19.446427
14.711903 18.484227 18.36093
15.556144 18.190668 17.28483
15.855858 17.93482 18.865323
16.295252 16.662434 20.641495
16.265861 17.010836 19.577796
16.441099 16.951711 20.322583
15.694155 17.523732 19.434011
16.074699 17.612701 18.26381
15.855858 17.93482 18.865323
16.65994 16.629592 19.72107
15.770078 17.357998 20.562873
15.649311 17.661877 19.731729
15.649311 17.661877 19.731729
15.881951 17.825221 18.306851
16.063039 17.596966 19.301202
16.208659 17.585548 18.286819
15.855858 17.93482 18.865323
15.915919 17.750788 17.613495
16.416867 17.558015 18.336836
16.208659 17.585548 18.286819
16.683568 15.900532 19.946088
16.491888 16.790706 19.5412
16.268051 16.997123 20.43643
15.255296 17.95863 19.473084
16.431613 17.16021 19.358584
16.321887 17.325765 19.286261
16.441099 16.951711 20.322583
16.249725 17.378839 19.445566
16.030657 17.400263 19.351608
16.302908 16.106377 20.400368
16.192019 17.046002 19.495741
16.192019 17.046002 19.495741
15.389256 17.931477 19.496093
16.617209 16.944351 19.453403
15.703147 17.990519 18.58156
15.389256 17.931477 19.496093
16.683568 15.900532 19.946088
16.838744 16.464294 19.446361
16.838744 16.464294 19.446361
15.62885 18.045685 19.358936
16.038876 17.433196 19.303273
15.925648 17.692979 18.303831
16.172836 17.406043 19.326282
15.556144 18.190668 17.28483
16.712745 15.737602 19.575343
16.945728 15.504767 18.549922
16.503775 17.107136 19.199279
16.838744 16.464294 19.446361
16.872712 16.389861 18.753005
16.974905 15.341837 18.179177
16.872712 16.389861 18.753005
15.966714 17.48627 19.462578
16.942157 16.037417 17.398356
16.637735 17.079983 19.222288
16.637735 17.079983 19.222288
16.924673 15.69286 18.517508
16.908189 16.11185 18.091712
16.945728 15.504767 18.549922
16.945728 15.504767 18.549922
16.856803 17.058559 19.316246
16.974905 15.341837 18.179177
16.922272 15.739902 18.07393
16.891549 15.572304 19.300634
16.956846 14.747572 18.309292
17.169618 14.507841 17.341227
16.619903 16.786413 20.047874
16.906614 15.098595 18.647623
16.867921 16.301364 19.075616
16.896146 16.0187 18.633926
16.977119 15.605158 18.094511
17.169618 14.507841 17.341227
16.867921 16.301364 19.075616
16.937596 16.085772 18.0203
16.891549 15.572304 19.300634
16.993255 15.237155 18.226741
17.153709 15.176539 17.904468
16.977119 15.605158 18.094511
17.153709 15.176539 17.904468
16.956846 14.747572 18.309292
16.993255 15.237155 18.226741
17.169618 14.507841 17.341227
17.026748 14.832675 17.949447
16.956846 14.747572 18.309292
17.153709 15.176539 17.904468
16.945728 15.504767 18.549922
17.153709 15.176539 17.904468
15.921862 17.32151 19.638775
15.918109 17.737075 18.472129
16.856803 17.058559 19.316246
16.216253 17.184404 19.446427
15.711013 17.375867 19.496482
15.598464 17.806472 19.82844
14.285277 17.308903 20.927988
15.223147 17.322093 20.662124
15.636992 17.676942 20.164945
16.063039 17.596966 19.301202
15.84224 17.304924 20.403568
15.68392 17.425561 19.482832
