-13.751288 -18.863975 -17.875228
-16.683568 -15.900532 -19.946088
-15.484053 -16.484707 -21.256043
-15.776349 -17.738493 -17.130752
-13.431307 -18.753817 -18.487510
-16.302908 -16.106377 -20.400368
-14.789422 -18.568237 -17.517112
-13.778044 -18.728519 -18.356286
-15.556144 -18.190668 -17.284830
-13.968405 -18.731998 -18.127576
-14.157253 -18.728440 -18.517151
-14.607858 -18.670312 -18.027338
-14.976108 -18.350110 -17.661476
-14.949352 -18.485566 -17.180418
-14.757087 -18.091680 -20.496132
-15.347189 -18.077461 -18.818341
-16.038876 -17.433196 -19.303273
-15.507119 -17.994790 -18.481647
-15.747145 -17.777503 -18.253195
-14.840100 -18.257392 -18.975218
-14.097725 -18.219130 -19.878880
-16.491888 -16.790706 -19.541200
-14.522915 -18.117479 -19.836542
-15.263002 -17.076579 -20.959494
-16.249725 -17.378839 -19.445566
-15.434957 -18.047864 -18.640952
-15.377962 -17.424834 -20.582762
-14.936425 -18.368088 -18.813842
-16.653871 -16.711980 -19.354518
-15.916133 -17.565316 -19.047939
-15.251875 -17.156903 -21.044258
-14.637035 -18.507382 -17.656593
-15.584084 -17.344607 -20.446466
-14.326003 -18.288317 -19.659992
-16.619903 -16.786413 -20.047874
-16.467192 -16.842112 -19.764111
-16.336892 -16.893844 -20.064886
-16.127984 -17.241283 -19.502479
-15.983064 -16.932795 -21.029252
-15.077842 -17.805746 -20.184274
-14.304256 -18.528291 -19.813881
-14.324847 -18.777743 -18.044350
-15.199992 -17.863839 -19.694860
-16.191045 -16.604567 -20.383798
-14.392172 -17.823827 -20.721086
-16.617209 -16.944351 -19.453403
-16.310000 -17.009335 -19.628182
-15.430870 -17.757169 -20.301241
-15.763422 -17.621015 -18.764176
-16.485024 -17.135682 -18.938525
-14.665076 -18.131045 -19.664875
-16.321345 -16.552835 -20.083023
-15.245112 -17.971603 -19.288229
-14.446008 -18.152469 -19.570917
-14.064662 -18.414083 -19.951038
-16.398141 -16.965775 -19.359445
-14.611240 -17.802403 -20.815044
-15.451234 -17.891376 -19.151933
-14.251348 -18.195956 -20.095402
-16.649080 -16.623483 -19.677129
-14.624237 -18.638449 -19.201599
-15.636992 -17.676942 -20.164945
-15.819307 -17.724429 -18.093890
-14.810923 -18.420322 -19.345963
-15.844973 -17.348714 -19.519491
-15.131253 -17.781218 -19.764215
-15.275822 -18.094262 -19.241969
-15.702173 -17.549084 -19.469617
-15.209478 -17.655340 -20.658859
-15.658027 -17.882755 -18.988191
-16.663828 -16.970384 -18.663816
-15.438237 -17.055330 -20.765378
-16.135201 -17.543892 -19.141897
-14.053099 -17.981099 -20.716203
-15.933242 -17.291835 -19.463439
-16.474056 -16.497136 -20.366786
-14.317183 -18.645769 -18.180457
-16.287914 -17.158612 -19.165785
-15.218318 -17.482123 -20.685724
-15.836831 -17.717457 -18.713482
-15.013047 -17.156981 -20.807716
-14.793128 -17.583774 -20.728062
-16.172836 -17.406043 -19.326282
-14.483060 -18.362993 -19.539172
-15.070978 -18.150722 -19.581599
-16.269161 -17.516739 -19.164906
-16.128911 -17.222072 -20.710340
-15.503032 -17.704095 -20.141936
-14.258212 -17.850980 -20.698077
-14.079734 -18.644430 -19.360969
-15.976200 -17.277771 -20.426577
-15.123111 -18.149961 -18.958206
-15.397398 -17.562734 -20.302102
-16.637735 -17.079983 -19.222288
-14.992811 -18.201693 -19.258981
-16.155004 -17.112473 -20.151868
-16.158088 -17.059142 -20.339595
-15.966714 -17.486270 -19.462578
-15.838181 -17.641802 -18.155875
-16.142994 -16.850124 -20.692558
