-15.273122 -16.580363 -21.123305
-16.945728 -15.504767 -18.549922
-13.886433 -17.928103 -20.320356
-14.157253 -18.728440 -18.517151
-16.518435 -16.093969 -20.475518
-16.683568 -15.900532 -19.946088
-16.455182 -16.579763 -20.304801
-16.619903 -16.786413 -20.047874
-15.925949 -17.612205 -17.978486
-14.317183 -18.645769 -18.180457
-14.064662 -18.414083 -19.951038
-15.390959 -18.260880 -18.969317
-14.784167 -18.555778 -18.864905
-15.434957 -18.047864 -18.640952
-15.983064 -16.932795 -21.029252
-16.856803 -17.058559 -19.316246
-16.295131 -17.461221 -18.805203
-15.766019 -17.694876 -18.315180
-14.304256 -18.528291 -19.813881
-15.096355 -18.285417 -18.477148
-16.135201 -17.543892 -19.141897
-14.105501 -17.906679 -20.414314
-16.269161 -17.516739 -19.164906
-16.295252 -16.662434 -20.641495
-15.503032 -17.704095 -20.141936
-14.559442 -17.989684 -19.825041
-16.321887 -17.325765 -19.286261
-15.263002 -17.076579 -20.959494
-15.003356 -17.735567 -20.795155
-16.172836 -17.406043 -19.326282
-15.345839 -18.153116 -19.375948
-14.450753 -18.170553 -19.995847
-14.239461 -17.879526 -20.437323
-15.862297 -17.236674 -20.198108
-16.142994 -16.850124 -20.692558
-14.831384 -18.036514 -19.718756
-14.217373 -18.358384 -20.234801
-14.665076 -18.131045 -19.664875
-14.796825 -17.426406 -20.860154
-14.365416 -17.959283 -20.240028
-14.868163 -17.850470 -20.010848
-16.398141 -16.965775 -19.359445
-15.139364 -17.828285 -19.481413
-15.632059 -17.722029 -18.292171
-15.571144 -17.712848 -19.409111
-14.326003 -18.288317 -19.659992
-16.109110 -17.323910 -19.440494
-14.611240 -17.802403 -20.815044
-14.624237 -18.638449 -19.201599
-16.310000 -17.009335 -19.628182
-14.799036 -18.103892 -19.687884
-15.739216 -17.261434 -19.878426
-14.397845 -17.838218 -20.277368
-14.936425 -18.368088 -18.813842
-15.636992 -17.676942 -20.164945
-14.925131 -17.861445 -19.900511
-15.691260 -17.674089 -18.923481
-14.483060 -18.362993 -19.539172
-16.455847 -17.298612 -19.309270
-16.429091 -17.434068 -18.828212
-15.059091 -17.834292 -19.923520
-15.715095 -17.620663 -19.181849
-15.579286 -17.344105 -20.215120
-14.813344 -18.392848 -18.494160
-15.209478 -17.655340 -20.658859
-15.438237 -17.055330 -20.765378
-15.949180 -17.406581 -19.777188
-15.406114 -17.783612 -19.558564
-15.131253 -17.781218 -19.764215
-16.129311 -17.125299 -19.463344
-15.830353 -16.988494 -20.745489
-15.075363 -17.085396 -20.734661
-15.272154 -17.810765 -19.535555
-15.796922 -17.594271 -19.828251
-16.441099 -16.951711 -20.322583
-15.689125 -17.676181 -19.541552
-14.392172 -17.823827 -20.721086
-15.227938 -17.410590 -20.339513
-15.430870 -17.757169 -20.301241
-14.452299 -18.129190 -19.819108
-15.852190 -17.651323 -19.158909
-15.483003 -17.756408 -19.677848
-15.628850 -18.045685 -19.358936
-15.826099 -17.431341 -19.457506
-15.696450 -17.293710 -19.909808
-14.650328 -17.784144 -20.678188
-14.647883 -18.168558 -19.326244
-15.223561 -17.283392 -20.641077
-15.211802 -17.778593 -20.207283
-16.158088 -17.059142 -20.339595
-16.128911 -17.222072 -20.710340
-15.649311 -17.661877 -19.731729
-15.656714 -17.745702 -18.202988
-15.719400 -17.668843 -19.104767
-16.063039 -17.596966 -19.301202
-13.893048 -18.862557 -19.216605
-15.555165 -17.703334 -19.518543
