-14.810923 -18.420322 -19.345963
-16.135201 -17.543892 -19.141897
-16.216253 -17.184404 -19.446427
-16.321887 -17.325765 -19.286261
-15.347189 -18.077461 -18.818341
-14.868987 -17.373332 -20.700849
-14.571329 -18.306114 -19.483120
-15.222015 -17.324755 -20.817816
-14.404059 -18.140257 -20.379165
-15.503032 -17.704095 -20.141936
-16.295131 -17.461221 -18.805203
-14.079734 -18.644430 -19.360969
-14.217373 -18.358384 -20.234801
-14.483060 -18.362993 -19.539172
-15.830353 -16.988494 -20.745489
-15.405163 -17.090145 -20.787827
-16.128911 -17.222072 -20.710340
-14.258212 -17.850980 -20.698077
-15.209478 -17.655340 -20.658859
-15.275822 -18.094262 -19.241969
-15.584084 -17.344607 -20.446466
-14.665076 -18.131045 -19.664875
-15.438237 -17.055330 -20.765378
-16.617209 -16.944351 -19.453403
-14.784288 -17.756991 -20.701197
-15.436486 -17.544475 -20.165246
-15.389256 -17.931477 -19.496093
-16.659940 -16.629592 -19.721070
-15.501329 -17.374692 -20.668712
-14.611240 -17.802403 -20.815044
-15.815220 -17.433734 -19.754179
-14.757087 -18.091680 -20.496132
-14.840100 -18.257392 -18.975218
-15.397398 -17.562734 -20.302102
-16.268051 -16.997123 -20.436430
-15.862297 -17.236674 -20.198108
-15.369408 -17.572669 -20.322165
-14.829249 -18.038606 -20.336827
-14.817362 -17.722176 -20.678748
-15.789514 -17.495898 -20.282213
-15.804586 -17.726245 -19.692144
-13.893048 -18.862557 -19.216605
-14.304256 -18.528291 -19.813881
-15.007248 -18.179159 -17.578498
-14.650328 -17.784144 -20.678188
-14.711903 -18.484227 -18.360930
-14.392172 -17.823827 -20.721086
-14.446008 -18.152469 -19.570917
-14.624237 -18.638449 -19.201599
-14.326003 -18.288317 -19.659992
-15.131253 -17.781218 -19.764215
-16.441099 -16.951711 -20.322583
-14.935315 -17.848472 -20.085366
-15.364324 -17.597549 -20.324551
-15.123111 -18.149961 -18.958206
-16.029891 -17.285977 -19.725307
-15.918109 -17.737075 -18.472129
-16.529868 -16.997537 -18.640807
-15.255296 -17.958630 -19.473084
-15.968318 -17.330600 -20.007504
-16.295252 -16.662434 -20.641495
-14.607858 -18.670312 -18.027338
-16.116774 -17.455884 -19.304387
-15.251875 -17.156903 -21.044258
-15.129975 -17.804985 -19.560881
-15.969771 -17.656033 -18.007657
-15.245011 -17.501879 -20.441583
-15.070978 -18.150722 -19.581599
-16.269161 -17.516739 -19.164906
-15.701012 -17.992611 -19.199631
-13.919139 -18.008252 -20.693194
-16.455847 -17.298612 -19.309270
-15.983064 -16.932795 -21.029252
-14.925131 -17.861445 -19.900511
-16.474056 -16.497136 -20.366786
-15.703147 -17.990519 -18.581560
-14.936425 -18.368088 -18.813842
-14.659770 -18.484988 -18.984323
-16.657215 -15.878635 -19.810613
-15.628850 -18.045685 -19.358936
-14.053099 -17.981099 -20.716203
-15.845947 -17.790149 -18.631434
-16.710604 -15.697374 -19.143506
-15.263002 -17.076579 -20.959494
-14.799036 -18.103892 -19.687884
-14.251348 -18.195956 -20.095402
-15.551010 -17.379422 -20.468915
-15.636992 -17.676942 -20.164945
-14.796825 -17.426406 -20.860154
-15.430870 -17.757169 -20.301241
-16.310000 -17.009335 -19.628182
-16.619903 -16.786413 -20.047874
-15.565758 -17.726323 -19.455602
-14.623127 -18.118833 -20.473123
-16.457706 -17.050611 -18.800112
-15.059091 -17.834292 -19.923520
