-15.666169 -17.514012 -19.794200
-15.503032 -17.704095 -20.141936
-14.239461 -17.879526 -20.437323
-16.295252 -16.662434 -20.641495
-14.304256 -18.528291 -19.813881
-15.983064 -16.932795 -21.029252
-15.263002 -17.076579 -20.959494
-15.976200 -17.277771 -20.426577
-15.501329 -17.374692 -20.668712
-15.804586 -17.726245 -19.692144
-16.128911 -17.222072 -20.710340
-14.440264 -18.621009 -18.500139
-14.483060 -18.362993 -19.539172
-14.810923 -18.420322 -19.345963
-16.502623 -16.025602 -19.788960
-14.659770 -18.484988 -18.984323
-14.522915 -18.117479 -19.836542
-14.079734 -18.644430 -19.360969
-15.209478 -17.655340 -20.658859
-14.786264 -17.928750 -20.125387
-14.796825 -17.426406 -20.860154
-16.838744 -16.464294 -19.446361
-14.217373 -18.358384 -20.234801
-14.650328 -17.784144 -20.678188
-16.310000 -17.009335 -19.628182
-16.172836 -17.406043 -19.326282
-15.789514 -17.495898 -20.282213
-15.300997 -18.075017 -18.617943
-16.856803 -17.058559 -19.316246
-16.268051 -16.997123 -20.436430
-16.474056 -16.497136 -20.366786
-14.157253 -18.728440 -18.517151
-15.273122 -16.580363 -21.123305
-15.417050 -17.406575 -20.445906
-15.141067 -18.157688 -18.954637
-15.628850 -18.045685 -19.358936
-16.155004 -17.112473 -20.151868
