-15.003356 -17.735567 -20.795155
-16.398141 -16.965775 -19.359445
-16.216253 -17.184404 -19.446427
-15.842240 -17.304924 -20.403568
-15.983064 -16.932795 -21.029252
-16.128911 -17.222072 -20.710340
-16.617209 -16.944351 -19.453403
-15.106245 -18.038908 -19.513105
-16.474056 -16.497136 -20.366786
-16.268051 -16.997123 -20.436430
-14.217373 -18.358384 -20.234801
-15.551010 -17.379422 -20.468915
-15.337123 -17.932238 -20.119486
-15.968318 -17.330600 -20.007504
-14.611240 -17.802403 -20.815044
-15.628850 -18.045685 -19.358936
-16.455847 -17.298612 -19.309270
-14.799036 -18.103892 -19.687884
-16.063039 -17.596966 -19.301202
-15.209478 -17.655340 -20.658859
-16.441099 -16.951711 -20.322583
-14.624237 -18.638449 -19.201599
-16.619903 -16.786413 -20.047874
-14.304256 -18.528291 -19.813881
-14.790606 -17.857632 -20.197690
-14.757087 -18.091680 -20.496132
-15.703147 -17.990519 -18.581560
-14.810923 -18.420322 -19.345963
-15.637920 -17.673249 -19.296297
-15.815220 -17.433734 -19.754179
-16.856576 -16.757864 -18.620775
-15.881951 -17.825221 -18.306851
-16.518435 -16.093969 -20.475518
-16.208659 -17.585548 -18.286819
-14.483060 -18.362993 -19.539172
