-15.484053	-16.484707	-21.256043
-15.013047	-17.156981	-20.807716
-14.61124	-17.802403	-20.815044
-15.191276	-17.642961	-20.438398
-15.223147	-17.322093	-20.662124
-14.549196	-17.013195	-20.879911
-14.075756	-17.154298	-21.038971
-15.013047	-17.156981	-20.807716
-14.392172	-17.823827	-20.721086
-15.013047	-17.156981	-20.807716
-14.258212	-17.85098	-20.698077
-14.258212	-17.85098	-20.698077
-14.217373	-18.358384	-20.234801
-14.053099	-17.981099	-20.716203
-13.919139	-18.008252	-20.693194
-14.404059	-18.140257	-20.379165
-13.84014	-18.530222	-19.498126
-14.757087	-18.09168	-20.496132
-14.217373	-18.358384	-20.234801
-14.304256	-18.528291	-19.813881
-14.48306	-18.362993	-19.539172
-15.983064	-16.932795	-21.029252
-16.128911	-17.222072	-20.71034
-15.158894	-17.446258	-20.488804
-15.405163	-17.090145	-20.787827
-14.258212	-17.85098	-20.698077
-14.757087	-18.09168	-20.496132
-14.392172	-17.823827	-20.721086
-15.211802	-17.778593	-20.207283
-15.024934	-17.473411	-20.465795
-15.405163	-17.090145	-20.787827
-14.446008	-18.152469	-19.570917
-14.650328	-17.784144	-20.678188
-14.125261	-17.928025	-20.556898
-14.784288	-17.756991	-20.701197
-14.829249	-18.038606	-20.336827
-15.024934	-17.473411	-20.465795
-14.404059	-18.140257	-20.379165
-14.623127	-18.118833	-20.473123
-14.217373	-18.358384	-20.234801
-14.251348	-18.195956	-20.095402
-14.623127	-18.118833	-20.473123
-14.251348	-18.195956	-20.095402
-13.84014	-18.530222	-19.498126
-13.84014	-18.530222	-19.498126
-14.079734	-18.64443	-19.360969
-13.893048	-18.862557	-19.216605
-14.064662	-18.414083	-19.951038
-14.079734	-18.64443	-19.360969
-14.079734	-18.64443	-19.360969
-15.337123	-17.932238	-20.119486
-13.893048	-18.862557	-19.216605
-13.84014	-18.530222	-19.498126
-13.893048	-18.862557	-19.216605
-13.893048	-18.862557	-19.216605
-15.150031	-16.853351	-21.063406
-15.983064	-16.932795	-21.029252
-15.998857	-16.45097	-20.749345
-15.983064	-16.932795	-21.029252
-15.405163	-17.090145	-20.787827
-15.55101	-17.379422	-20.468915
-14.778834	-17.851706	-20.342243
-15.770078	-17.357998	-20.562873
-15.55101	-17.379422	-20.468915
-15.003356	-17.735567	-20.795155
-15.41705	-17.406575	-20.445906
-14.984095	-17.980815	-20.002519
-15.598464	-17.806472	-19.82844
-14.571329	-18.306114	-19.48312
-15.503032	-17.704095	-20.141936
-14.831384	-18.036514	-19.718756
-15.203163	-17.959391	-20.096477
-15.409285	-17.879164	-19.960181
-14.810923	-18.420322	-19.345963
-14.624237	-18.638449	-19.201599
-14.65977	-18.484988	-18.984323
-14.65977	-18.484988	-18.984323
-15.390959	-18.26088	-18.969317
-14.65977	-18.484988	-18.984323
-14.624237	-18.638449	-19.201599
-15.390959	-18.26088	-18.969317
-14.936425	-18.368088	-18.813842
-16.295252	-16.662434	-20.641495
-15.983064	-16.932795	-21.029252
-16.31	-17.009335	-19.628182
-15.55101	-17.379422	-20.468915
-15.41705	-17.406575	-20.445906
-15.337123	-17.932238	-20.119486
-15.867694	-17.550175	-18.477545
-14.624237	-18.638449	-19.201599
-15.855858	-17.93482	-18.865323
-15.703147	-17.990519	-18.58156
-14.711903	-18.484227	-18.36093
-16.65994	-16.629592	-19.72107
-16.838744	-16.464294	-19.446361
-15.823769	-17.366204	-19.861603
-16.249725	-17.378839	-19.445566
-15.915919	-17.750788	-17.613495
-15.671058	-17.421903	-19.57784
-16.074699	-17.612701	-18.26381
-16.208659	-17.585548	-18.286819
-15.881951	-17.825221	-18.306851
-16.208659	-17.585548	-18.286819
-16.65994	-16.629592	-19.72107
-16.074699	-17.612701	-18.26381
-16.010131	-17.264631	-19.582723
-16.455847	-17.298612	-19.30927
-16.010131	-17.264631	-19.582723
-15.881951	-17.825221	-18.306851
-16.208659	-17.585548	-18.286819
-16.295252	-16.662434	-20.641495
-16.617209	-16.944351	-19.453403
-16.441099	-16.951711	-20.322583
-16.268051	-16.997123	-20.43643
-16.216253	-17.184404	-19.446427
-16.030657	-17.400263	-19.351608
-16.249725	-17.378839	-19.445566
-16.455847	-17.298612	-19.30927
-16.192019	-17.046002	-19.495741
-15.855858	-17.93482	-18.865323
-16.074699	-17.612701	-18.26381
-16.269161	-17.516739	-19.164906
-16.280821	-17.532474	-18.127514
-16.280821	-17.532474	-18.127514
-15.556144	-18.190668	-17.28483
-16.617209	-16.944351	-19.453403
-16.216253	-17.184404	-19.446427
-16.455847	-17.298612	-19.30927
-15.649311	-17.661877	-19.731729
-15.703147	-17.990519	-18.58156
-16.321887	-17.325765	-19.286261
-15.255296	-17.95863	-19.473084
-15.62885	-18.045685	-19.358936
-15.910652	-17.536111	-19.440683
-15.925648	-17.692979	-18.303831
-16.441099	-16.951711	-20.322583
-15.701012	-17.992611	-19.199631
-16.455847	-17.298612	-19.30927
-16.431613	-17.16021	-19.358584
-16.637735	-17.079983	-19.222288
-16.249725	-17.378839	-19.445566
-15.275822	-18.094262	-19.241969
-16.872712	-16.389861	-18.753005
-16.491888	-16.790706	-19.5412
-15.925648	-17.692979	-18.303831
-16.856803	-17.058559	-19.316246
-16.856803	-17.058559	-19.316246
-16.872712	-16.389861	-18.753005
-16.265861	-17.010836	-19.577796
-16.338023	-16.957762	-19.418491
-16.038876	-17.433196	-19.303273
-16.942157	-16.037417	-17.398356
-16.485024	-17.135682	-18.938525
-16.172836	-17.406043	-19.326282
-16.637735	-17.079983	-19.222288
-16.455847	-17.298612	-19.30927
-15.556144	-18.190668	-17.28483
-16.908189	-16.11185	-18.091712
-16.942157	-16.037417	-17.398356
-16.945728	-15.504767	-18.549922
-15.966714	-17.48627	-19.462578
-16.891549	-15.572304	-19.300634
-16.309998	-17.369544	-17.756769
-16.683568	-15.900532	-19.946088
-16.712745	-15.737602	-19.575343
-16.974905	-15.341837	-18.179177
-17.153709	-15.176539	-17.904468
-16.974905	-15.341837	-18.179177
-16.891549	-15.572304	-19.300634
-17.026748	-14.832675	-17.949447
-16.867921	-16.301364	-19.075616
-17.169618	-14.507841	-17.341227
-16.945728	-15.504767	-18.549922
-17.153709	-15.176539	-17.904468
-17.026748	-14.832675	-17.949447
-16.977119	-15.605158	-18.094511
-16.891549	-15.572304	-19.300634
-16.95624	-15.665469	-17.380574
-17.169618	-14.507841	-17.341227
-16.896146	-16.0187	-18.633926
-16.838744	-16.464294	-19.446361
-17.153709	-15.176539	-17.904468
-17.169618	-14.507841	-17.341227
-16.956846	-14.747572	-18.309292
-16.867921	-16.301364	-19.075616
-16.937596	-16.085772	-18.0203
-16.467192	-16.842112	-19.764111
-16.129311	-17.125299	-19.463344
-16.619903	-16.786413	-20.047874
-16.924673	-15.69286	-18.517508
-15.642933	-17.673737	-19.341154
-15.397398	-17.562734	-20.302102
-16.127984	-17.241283	-19.502479
-15.013047	-17.156981	-20.807716
-15.223561	-17.283392	-20.641077
-15.830353	-16.988494	-20.745489
-15.43087	-17.757169	-20.301241
-15.68392	-17.425561	-19.482832
