-16.617209 -16.944351 -19.453403
-15.933242 -17.291835 -19.463439
-15.106245 -18.038908 -19.513105
-15.369997 -17.611940 -19.880833
-16.112208 -17.370489 -19.112835
-15.366300 -17.769308 -19.748741
-16.398141 -16.965775 -19.359445
-15.564992 -17.612037 -19.829301
-16.698229 -16.272259 -18.852928
-16.441099 -16.951711 -20.322583
-16.216253 -17.184404 -19.446427
-16.351064 -17.162835 -18.915516
-15.877180 -17.341676 -19.441544
-16.547612 -15.931039 -20.104773
-16.038876 -17.433196 -19.303273
-16.192019 -17.046002 -19.495741
-15.976200 -17.277771 -20.426577
-15.556144 -18.190668 -17.284830
-14.157253 -18.728440 -18.517151
-14.976108 -18.350110 -17.661476
-15.844973 -17.348714 -19.519491
-15.420136 -18.097950 -18.598572
-15.003356 -17.735567 -20.795155
-15.703147 -17.990519 -18.581560
-15.389256 -17.931477 -19.496093
-14.789961 -17.771382 -20.257479
-15.770078 -17.357998 -20.562873
-15.842240 -17.304924 -20.403568
-16.128911 -17.222072 -20.710340
-16.235424 -16.201400 -20.492530
-14.737289 -18.568998 -18.140505
-15.983064 -16.932795 -21.029252
-15.451234 -17.891376 -19.151933
-15.141437 -17.768245 -19.949070
-15.830353 -16.988494 -20.745489
-15.272154 -17.810765 -19.535555
-16.309998 -17.369544 -17.756769
-14.935315 -17.848472 -20.085366
-15.997810 -17.639905 -18.144526
-16.155004 -17.112473 -20.151868
-15.852190 -17.651323 -19.158909
-14.665076 -18.131045 -19.664875
-14.624237 -18.638449 -19.201599
-14.251348 -18.195956 -20.095402
-16.479729 -16.511527 -19.923068
-15.789514 -17.495898 -20.282213
-16.891322 -15.271609 -18.605163
-16.480625 -16.307254 -20.000656
-13.429761 -18.795180 -18.664249
-15.565758 -17.726323 -19.455602
-14.757087 -18.091680 -20.496132
-14.810923 -18.420322 -19.345963
-14.392172 -17.823827 -20.721086
-15.070978 -18.150722 -19.581599
-13.736095 -18.716307 -19.164534
-14.483060 -18.362993 -19.539172
-14.326003 -18.288317 -19.659992
-16.280821 -17.532474 -18.127514
-13.840140 -18.530222 -19.498126
-14.304256 -18.528291 -19.813881
-15.249782 -17.985424 -19.306890
-15.263002 -17.076579 -20.959494
-14.936425 -18.368088 -18.813842
-15.828115 -17.496579 -19.457020
-15.939856 -17.497101 -18.318240
-15.390959 -18.260880 -18.969317
-15.431798 -17.753476 -19.432593
-15.075518 -17.682493 -20.635850
-14.786264 -17.928750 -20.125387
-14.079734 -18.644430 -19.360969
-13.828253 -18.213792 -19.840047
-14.650328 -17.784144 -20.678188
-16.321887 -17.325765 -19.286261
-15.881951 -17.825221 -18.306851
-14.711903 -18.484227 -18.360930
-16.659940 -16.629592 -19.721070
-16.712745 -15.737602 -19.575343
-15.209478 -17.655340 -20.658859
-15.804586 -17.726245 -19.692144
-16.467192 -16.842112 -19.764111
