-16.309998 -17.369544 -17.756769
-15.551010 -17.379422 -20.468915
-16.649080 -16.623483 -19.677129
-15.209478 -17.655340 -20.658859
-15.789514 -17.495898 -20.282213
-16.850483 -15.779013 -18.141887
-16.931698 -15.508318 -16.588593
-16.398141 -16.965775 -19.359445
-15.436486 -17.544475 -20.165246
-16.488802 -17.204246 -17.482060
-16.158088 -17.059142 -20.339595
-14.737289 -18.568998 -18.140505
-15.420136 -18.097950 -18.598572
-15.390959 -18.260880 -18.969317
-14.784288 -17.756991 -20.701197
-13.751288 -18.863975 -17.875228
-15.976200 -17.277771 -20.426577
-15.703147 -17.990519 -18.581560
-14.624237 -18.638449 -19.201599
-15.968318 -17.330600 -20.007504
-14.832218 -18.310221 -18.556145
-14.559442 -17.989684 -19.825041
-15.702173 -17.549084 -19.469617
-15.003356 -17.735567 -20.795155
-15.364324 -17.597549 -20.324551
-16.671679 -15.944311 -18.416596
-15.830353 -16.988494 -20.745489
-15.556144 -18.190668 -17.284830
-15.369408 -17.572669 -20.322165
-15.106245 -18.038908 -19.513105
-14.665076 -18.131045 -19.664875
-14.844442 -18.186274 -19.047521
-15.388282 -17.490042 -20.384150
-15.571144 -17.712848 -19.409111
-14.798270 -17.989606 -20.061583
-16.619903 -16.786413 -20.047874
-15.877946 -17.455962 -19.067845
-15.983064 -16.932795 -21.029252
-15.915919 -17.750788 -17.613495
-14.799036 -18.103892 -19.687884
-16.485024 -17.135682 -18.938525
-16.756421 -16.073990 -17.563839
-16.142994 -16.850124 -20.692558
-15.630011 -17.602158 -19.628922
-15.565758 -17.726323 -19.455602
-15.885035 -17.771890 -18.494578
-14.392172 -17.823827 -20.721086
-14.810923 -18.420322 -19.345963
-16.012120 -17.568652 -18.822215
-14.217373 -18.358384 -20.234801
-15.623172 -17.326348 -20.309610
-15.405163 -17.090145 -20.787827
-15.969771 -17.656033 -18.007657
-14.871198 -18.050818 -19.528579
-14.784167 -18.555778 -18.864905
-13.893048 -18.862557 -19.216605
-15.637920 -17.673249 -19.296297
-14.984095 -17.980815 -20.002519
-16.441099 -16.951711 -20.322583
-16.653644 -16.411285 -18.659047
-13.886433 -17.928103 -20.320356
-14.659770 -18.484988 -18.984323
-16.761212 -16.162487 -17.241228
-16.128911 -17.222072 -20.710340
-13.937974 -18.645848 -18.019592
-14.650328 -17.784144 -20.678188
-15.337123 -17.932238 -20.119486
-14.455397 -18.175769 -19.491449
-14.239461 -17.879526 -20.437323
-16.727244 -16.236920 -17.934584
-15.075518 -17.682493 -20.635850
-15.275822 -18.094262 -19.241969
-16.029891 -17.285977 -19.725307
-15.249782 -17.985424 -19.306890
-15.939958 -17.621726 -18.981520
-16.662936 -15.950840 -18.963876
-15.507119 -17.994790 -18.481647
-14.231456 -17.986436 -20.217019
-16.237836 -17.422618 -17.916074
-16.529868 -16.997537 -18.640807
-14.786264 -17.928750 -20.125387
-14.446008 -18.152469 -19.570917
-15.389256 -17.931477 -19.496093
-15.701012 -17.992611 -19.199631
-14.326003 -18.288317 -19.659992
-16.038876 -17.433196 -19.303273
-14.304256 -18.528291 -19.813881
-16.455847 -17.298612 -19.309270
-16.467192 -16.842112 -19.764111
-16.103876 -17.449771 -17.893065
-15.254322 -17.517195 -20.361141
