-15.223561 -17.283392 -20.641077
-16.398141 -16.965775 -19.359445
-15.076497 -18.169827 -18.402137
-15.369408 -17.572669 -20.322165
-15.209478 -17.655340 -20.658859
-16.158088 -17.059142 -20.339595
-14.064662 -18.414083 -19.951038
-16.485024 -17.135682 -18.938525
-15.976200 -17.277771 -20.426577
-16.687804 -16.329609 -18.565122
-15.106245 -18.038908 -19.513105
-15.789514 -17.495898 -20.282213
-15.388282 -17.490042 -20.384150
-15.658027 -17.882755 -18.988191
-14.784288 -17.756991 -20.701197
-16.128911 -17.222072 -20.710340
-14.822268 -17.963822 -19.800804
-15.571144 -17.712848 -19.409111
-16.144999 -17.521125 -18.239140
-16.237836 -17.422618 -17.916074
-14.980924 -17.885263 -19.600902
-15.003356 -17.735567 -20.795155
-15.836831 -17.717457 -18.713482
-14.840100 -18.257392 -18.975218
-14.650328 -17.784144 -20.678188
-16.649080 -16.623483 -19.677129
-14.404059 -18.140257 -20.379165
-15.420136 -18.097950 -18.598572
-14.790606 -17.857632 -20.197690
-14.251348 -18.195956 -20.095402
-14.784167 -18.555778 -18.864905
-16.441099 -16.951711 -20.322583
-16.619903 -16.786413 -20.047874
-15.080153 -18.164025 -17.995068
-15.968318 -17.330600 -20.007504
-14.798270 -17.989606 -20.061583
-14.624237 -18.638449 -19.201599
-15.830353 -16.988494 -20.745489
-14.217373 -18.358384 -20.234801
-15.584084 -17.344607 -20.446466
-15.389256 -17.931477 -19.496093
-14.799036 -18.103892 -19.687884
-15.667097 -17.510319 -18.925552
-14.304256 -18.528291 -19.813881
-15.747646 -17.507694 -19.368620
-15.551010 -17.379422 -20.468915
-16.637735 -17.079983 -19.222288
-16.155004 -17.112473 -20.151868
-16.030657 -17.400263 -19.351608
-15.379072 -17.944450 -19.311238
-15.059091 -17.834292 -19.923520
-16.029891 -17.285977 -19.725307
-14.459963 -18.261164 -19.683001
-15.983064 -16.932795 -21.029252
-15.461418 -17.878403 -19.336788
-15.364324 -17.597549 -20.324551
-14.757087 -18.091680 -20.496132
-15.630011 -17.602158 -19.628922
-14.936425 -18.368088 -18.813842
-16.116774 -17.455884 -19.304387
-15.237895 -17.668994 -19.648811
-14.258212 -17.850980 -20.698077
-16.458268 -17.271138 -18.457467
-15.691260 -17.674089 -18.923481
-15.703147 -17.990519 -18.581560
-16.455847 -17.298612 -19.309270
-15.877946 -17.455962 -19.067845
-15.069275 -17.821319 -20.108375
-14.392172 -17.823827 -20.721086
-15.405163 -17.090145 -20.787827
-15.911128 -17.662291 -17.936106
-14.665076 -18.131045 -19.664875
-16.679964 -16.602381 -18.796046
-15.888678 -17.475390 -18.899101
-15.345839 -18.153116 -19.375948
-15.556144 -18.190668 -17.284830
-15.826099 -17.431341 -19.457506
-16.467192 -16.842112 -19.764111
-16.867921 -16.301364 -19.075616
