-16.310000 -17.009335 -19.628182
-16.474056 -16.497136 -20.366786
-16.295252 -16.662434 -20.641495
-14.798371 -17.385043 -20.683415
-14.079734 -18.644430 -19.360969
-14.619893 -18.178493 -19.346307
-15.902988 -17.404137 -19.576790
-15.430870 -17.757169 -20.301241
-14.612674 -18.205465 -19.966764
-15.565758 -17.726323 -19.455602
-16.128911 -17.222072 -20.710340
-15.983064 -16.932795 -21.029252
-16.455847 -17.298612 -19.309270
-16.619903 -16.786413 -20.047874
-15.976200 -17.277771 -20.426577
-15.123111 -18.149961 -18.958206
-15.658739 -17.436968 -20.011056
-15.842240 -17.304924 -20.403568
-14.925131 -17.861445 -19.900511
-15.484053 -16.484707 -21.256043
-15.388282 -17.490042 -20.384150
-15.628850 -18.045685 -19.358936
-14.784288 -17.756991 -20.701197
-16.269161 -17.516739 -19.164906
-14.258212 -17.850980 -20.698077
-14.404059 -18.140257 -20.379165
-15.405163 -17.090145 -20.787827
-15.730189 -17.829681 -18.828886
-15.226685 -17.883595 -19.450719
-14.944218 -17.674320 -20.364503
-14.483060 -18.362993 -19.539172
-14.324847 -18.777743 -18.044350
-16.856803 -17.058559 -19.316246
