-15.985040 -17.104554 -20.453442
-14.757087 -18.091680 -20.496132
-14.841658 -18.266359 -18.897341
-16.398141 -16.965775 -19.359445
-16.142994 -16.850124 -20.692558
-15.966714 -17.486270 -19.462578
-15.028020 -18.164786 -18.618461
-15.366300 -17.769308 -19.748741
-16.455182 -16.579763 -20.304801
-15.571144 -17.712848 -19.409111
-16.856803 -17.058559 -19.316246
-14.992811 -18.201693 -19.258981
-15.836831 -17.717457 -18.713482
-15.218318 -17.482123 -20.685724
-14.829249 -18.038606 -20.336827
-15.209478 -17.655340 -20.658859
-15.796922 -17.594271 -19.828251
-14.624237 -18.638449 -19.201599
-15.628850 -18.045685 -19.358936
-16.503775 -17.107136 -19.199279
-14.793128 -17.583774 -20.728062
-14.392172 -17.823827 -20.721086
-16.637072 -17.105840 -18.182758
-15.770078 -17.357998 -20.562873
-15.611285 -17.009918 -20.651531
-16.455847 -17.298612 -19.309270
-16.619903 -16.786413 -20.047874
-14.638320 -18.266501 -19.183817
-15.377962 -17.424834 -20.582762
-14.976108 -18.350110 -17.661476
-16.441099 -16.951711 -20.322583
-16.249725 -17.378839 -19.445566
-14.799036 -18.103892 -19.687884
-15.983064 -16.932795 -21.029252
-14.304256 -18.528291 -19.813881
-15.337123 -17.932238 -20.119486
