-15.273122 -16.580363 -21.123305
-14.976108 -18.350110 -17.661476
-13.893048 -18.862557 -19.216605
-16.974905 -15.341837 -18.179177
-16.547612 -15.931039 -20.104773
-16.924673 -15.692860 -18.517508
-16.667954 -16.340032 -19.336736
-16.295131 -17.461221 -18.805203
-16.865196 -15.550407 -19.165159
-15.969771 -17.656033 -18.007657
-16.686392 -15.715705 -19.439868
-15.983064 -16.932795 -21.029252
-14.711903 -18.484227 -18.360930
-14.157253 -18.728440 -18.517151
-14.052978 -18.779886 -18.879911
-15.263002 -17.076579 -20.959494
-15.405163 -17.090145 -20.787827
-16.029891 -17.285977 -19.725307
-16.310000 -17.009335 -19.628182
-14.737289 -18.568998 -18.140505
-15.916133 -17.565316 -19.047939
-15.789514 -17.495898 -20.282213
-16.657215 -15.878635 -19.810613
-15.206986 -18.243440 -18.267857
-16.619903 -16.786413 -20.047874
-14.392172 -17.823827 -20.721086
-15.658027 -17.882755 -18.988191
-16.856803 -17.058559 -19.316246
-16.474056 -16.497136 -20.366786
-16.109110 -17.323910 -19.440494
-16.633986 -16.414465 -20.030092
-14.607858 -18.670312 -18.027338
-14.246550 -18.195454 -19.864056
-16.295252 -16.662434 -20.641495
-16.485024 -17.135682 -18.938525
-15.044370 -17.611311 -20.185135
-15.855858 -17.934820 -18.865323
-14.450753 -18.170553 -19.995847
-16.216253 -17.184404 -19.446427
-16.398141 -16.965775 -19.359445
-15.483003 -17.756408 -19.677848
-14.326003 -18.288317 -19.659992
-14.810923 -18.420322 -19.345963
-15.418001 -18.100042 -19.216643
-14.522915 -18.117479 -19.836542
-15.131253 -17.781218 -19.764215
-14.239461 -17.879526 -20.437323
-16.135201 -17.543892 -19.141897
-15.283964 -17.725519 -20.047978
-14.324847 -18.777743 -18.044350
-14.624237 -18.638449 -19.201599
-14.213029 -17.898428 -20.379509
-14.285191 -17.845354 -20.220204
-14.923975 -18.350871 -18.284869
-15.571144 -17.712848 -19.409111
-15.345839 -18.153116 -19.375948
-14.992811 -18.201693 -19.258981
-14.483060 -18.362993 -19.539172
-16.653871 -16.711980 -19.354518
-15.949180 -17.406581 -19.777188
-14.999250 -17.503547 -20.591766
-14.856450 -17.703917 -20.541892
-14.880096 -17.234026 -20.666537
-16.188972 -17.038040 -19.458512
-15.628850 -18.045685 -19.358936
-14.433236 -17.977327 -20.008420
-14.125261 -17.928025 -20.556898
-16.127984 -17.241283 -19.502479
-16.455182 -16.579763 -20.304801
-15.141067 -18.157688 -18.954637
-15.555165 -17.703334 -19.518543
-14.317183 -18.645769 -18.180457
-14.304256 -18.528291 -19.813881
-16.172836 -17.406043 -19.326282
-14.963092 -17.591693 -20.426488
-15.636992 -17.676942 -20.164945
-14.053099 -17.981099 -20.716203
-15.040026 -17.151355 -20.329843
-14.665076 -18.131045 -19.664875
-14.940325 -17.797396 -19.851543
-16.617209 -16.944351 -19.453403
-15.406114 -17.783612 -19.558564
-16.441099 -16.951711 -20.322583
-14.079734 -18.644430 -19.360969
-14.217373 -18.358384 -20.234801
-14.784288 -17.756991 -20.701197
-14.751814 -17.980516 -19.692854
-14.840100 -18.257392 -18.975218
-16.158088 -17.059142 -20.339595
-14.786264 -17.928750 -20.125387
-15.634802 -17.690655 -19.306311
-14.865290 -17.530700 -20.568757
-14.871198 -18.050818 -19.528579
-14.650328 -17.784144 -20.678188
-15.397398 -17.562734 -20.302102
-15.226685 -17.883595 -19.450719
-15.364324 -17.597549 -20.324551
-14.459963 -18.261164 -19.683001
-15.833763 -17.563315 -19.321399
-15.796922 -17.594271 -19.828251
