-15.983064 -16.932795 -21.029252
-16.517981 -16.681107 -18.982728
-16.474056 -16.497136 -20.366786
-15.275027 -18.130535 -18.977646
-16.310000 -17.009335 -19.628182
-16.762569 -16.123268 -19.106095
-16.343182 -17.215664 -18.496443
-15.003356 -17.735567 -20.795155
-15.483003 -17.756408 -19.677848
-14.312960 -18.461313 -18.386271
-16.796537 -16.048835 -18.412739
-15.406114 -17.783612 -19.558564
-15.141067 -18.157688 -18.954637
-16.164889 -17.402129 -18.135843
-14.856353 -17.935716 -19.498425
-15.199992 -17.863839 -19.694860
-15.405163 -17.090145 -20.787827
-16.559626 -16.529990 -19.160663
-14.455397 -18.175769 -19.491449
-14.832218 -18.310221 -18.556145
-14.799036 -18.103892 -19.687884
-15.209478 -17.655340 -20.658859
-15.830353 -16.988494 -20.745489
-16.128911 -17.222072 -20.710340
-15.565758 -17.726323 -19.455602
-16.295252 -16.662434 -20.641495
-16.529868 -16.997537 -18.640807
-15.228281 -18.133339 -17.478039
-13.778044 -18.728519 -18.356286
-15.658739 -17.436968 -20.011056
-16.252294 -16.676498 -19.678357
-16.508024 -16.422703 -19.673430
-14.324847 -18.777743 -18.044350
-16.477142 -17.188511 -18.519452
-14.665076 -18.131045 -19.664875
-14.326003 -18.288317 -19.659992
-16.135201 -17.543892 -19.141897
-14.840100 -18.257392 -18.975218
-14.789422 -18.568237 -17.517112
-14.160950 -18.571072 -18.649243
-14.903203 -18.365244 -17.244906
-14.157253 -18.728440 -18.517151
-15.092725 -17.910748 -19.427710
-13.429761 -18.795180 -18.664249
-16.491888 -16.790706 -19.541200
-14.810923 -18.420322 -19.345963
-14.976108 -18.350110 -17.661476
-14.784288 -17.756991 -20.701197
-16.633986 -16.414465 -20.030092
-13.371180 -18.448454 -19.389488
-14.650328 -17.784144 -20.678188
-14.868163 -17.850470 -20.010848
-13.724208 -18.399877 -19.506455
-15.628850 -18.045685 -19.358936
-14.531173 -18.436261 -18.829194
-16.321887 -17.325765 -19.286261
-15.430870 -17.757169 -20.301241
-13.590248 -18.427030 -19.483446
-13.172436 -18.319565 -19.789202
-15.150031 -16.853351 -21.063406
-15.551010 -17.379422 -20.468915
-15.263002 -17.076579 -20.959494
-14.428892 -18.591658 -18.377942
-15.966714 -17.486270 -19.462578
-15.115229 -18.202790 -18.539133
-14.067847 -18.328000 -19.702890
-15.969771 -17.656033 -18.007657
-14.664310 -18.016759 -20.038574
-15.418001 -18.100042 -19.216643
-14.940325 -17.797396 -19.851543
-15.911128 -17.662291 -17.936106
-15.804586 -17.726245 -19.692144
-15.273122 -16.580363 -21.123305
-14.239461 -17.879526 -20.437323
