-15.032335 -17.969748 -19.442462
-15.059091 -17.834292 -19.923520
-16.127984 -17.241283 -19.502479
-16.295252 -16.662434 -20.641495
-14.285277 -17.308903 -20.927988
-14.755901 -18.271211 -18.032565
-15.282261 -17.396116 -20.574754
-15.406114 -17.783612 -19.558564
-16.474056 -16.497136 -20.366786
-14.595971 -18.353882 -18.369259
-14.067847 -18.328000 -19.702890
-14.619893 -18.178493 -19.346307
-14.751814 -17.980516 -19.692854
-16.856803 -17.058559 -19.316246
-16.310000 -17.009335 -19.628182
-14.041091 -18.463456 -19.221832
-15.628850 -18.045685 -19.358936
-15.438237 -17.055330 -20.765378
-15.763649 -17.736260 -18.143953
-15.430870 -17.757169 -20.301241
-15.345839 -18.153116 -19.375948
-16.030657 -17.400263 -19.351608
-14.450753 -18.170553 -19.995847
-16.619903 -16.786413 -20.047874
-14.239461 -17.879526 -20.437323
-15.209478 -17.655340 -20.658859
-15.986150 -17.624170 -19.181918
-16.128911 -17.222072 -20.710340
-15.983064 -16.932795 -21.029252
-15.658739 -17.436968 -20.011056
-15.804586 -17.726245 -19.692144
-14.312960 -18.461313 -18.386271
