-14.217373 -18.358384 -20.234801
-15.968318 -17.330600 -20.007504
-14.404059 -18.140257 -20.379165
-15.983064 -16.932795 -21.029252
-14.064662 -18.414083 -19.951038
-14.392172 -17.823827 -20.721086
-14.972285 -18.066061 -19.490096
-15.003356 -17.735567 -20.795155
-14.796825 -17.426406 -20.860154
-15.539002 -17.861779 -18.974544
-15.209478 -17.655340 -20.658859
-15.430870 -17.757169 -20.301241
-15.976200 -17.277771 -20.426577
-16.633986 -16.414465 -20.030092
-15.770078 -17.357998 -20.562873
-14.571329 -18.306114 -19.483120
-15.852190 -17.651323 -19.158909
-14.624237 -18.638449 -19.201599
-14.665076 -18.131045 -19.664875
-14.784167 -18.555778 -18.864905
-16.135201 -17.543892 -19.141897
-15.096355 -18.285417 -18.477148
-16.155004 -17.112473 -20.151868
-14.304256 -18.528291 -19.813881
-14.984095 -17.980815 -20.002519
-15.263002 -17.076579 -20.959494
-15.636992 -17.676942 -20.164945
-16.659940 -16.629592 -19.721070
-16.295252 -16.662434 -20.641495
-15.377962 -17.424834 -20.582762
-16.838744 -16.464294 -19.446361
-15.245112 -17.971603 -19.288229
-16.429091 -17.434068 -18.828212
-16.896146 -16.018700 -18.633926
-16.310000 -17.009335 -19.628182
-16.234750 -16.731243 -19.763408
-14.936425 -18.368088 -18.813842
-15.275027 -18.130535 -18.977646
-15.855858 -17.934820 -18.865323
