-14.796825 -17.426406 -20.860154
-16.637735 -17.079983 -19.222288
-14.612674 -18.205465 -19.966764
-15.657099 -17.793707 -18.241859
-14.624237 -18.638449 -19.201599
-15.245011 -17.501879 -20.441583
-15.584084 -17.344607 -20.446466
-15.390959 -18.260880 -18.969317
-15.983064 -16.932795 -21.029252
-15.059091 -17.834292 -19.923520
-15.389256 -17.931477 -19.496093
-15.976200 -17.277771 -20.426577
-15.636992 -17.676942 -20.164945
-13.893048 -18.862557 -19.216605
-16.142994 -16.850124 -20.692558
-14.810923 -18.420322 -19.345963
-16.269161 -17.516739 -19.164906
-14.711903 -18.484227 -18.360930
-15.949180 -17.406581 -19.777188
-15.918109 -17.737075 -18.472129
-14.326003 -18.288317 -19.659992
-14.611240 -17.802403 -20.815044
-16.467192 -16.842112 -19.764111
-16.310000 -17.009335 -19.628182
-15.273122 -16.580363 -21.123305
-15.565758 -17.726323 -19.455602
-14.478289 -17.879448 -20.673865
-16.249725 -17.378839 -19.445566
-16.280821 -17.532474 -18.127514
-16.429091 -17.434068 -18.828212
-15.003356 -17.735567 -20.795155
-15.379396 -17.827896 -19.734482
-16.474056 -16.497136 -20.366786
-14.404059 -18.140257 -20.379165
-16.856803 -17.058559 -19.316246
-16.063039 -17.596966 -19.301202
-15.070978 -18.150722 -19.581599
-15.251875 -17.156903 -21.044258
