15.484053 16.484707 21.256043
14.075756 17.154298 21.038971
15.013047 17.156981 20.807716
14.673974 17.314253 20.802833
14.258212 17.85098 20.698077
14.258212 17.85098 20.698077
14.392172 17.823827 20.721086
14.075756 17.154298 21.038971
14.673974 17.314253 20.802833
14.61124 17.802403 20.815044
13.919139 18.008252 20.693194
14.053099 17.981099 20.716203
14.404059 18.140257 20.379165
14.251348 18.195956 20.095402
14.829249 18.038606 20.336827
14.064662 18.414083 19.951038
14.304256 18.528291 19.813881
15.527047 15.668193 21.181201
14.650328 17.784144 20.678188
15.227938 17.41059 20.339513
14.784288 17.756991 20.701197
15.405163 17.090145 20.787827
15.013047 17.156981 20.807716
15.024934 17.473411 20.465795
15.41705 17.406575 20.445906
15.013047 17.156981 20.807716
15.077842 17.805746 20.184274
14.623127 18.118833 20.473123
14.392172 17.823827 20.721086
14.61124 17.802403 20.815044
13.919139 18.008252 20.693194
14.757087 18.09168 20.496132
13.84014 18.530222 19.498126
13.84014 18.530222 19.498126
14.571329 18.306114 19.48312
14.064662 18.414083 19.951038
14.217373 18.358384 20.234801
14.65977 18.484988 18.984323
14.079734 18.64443 19.360969
13.893048 18.862557 19.216605
13.893048 18.862557 19.216605
13.84014 18.530222 19.498126
14.624237 18.638449 19.201599
14.079734 18.64443 19.360969
13.893048 18.862557 19.216605
15.024934 17.473411 20.465795
15.983064 16.932795 21.029252
15.405163 17.090145 20.787827
14.984095 17.980815 20.002519
15.230364 17.624702 20.301542
14.650328 17.784144 20.678188
15.55101 17.379422 20.468915
15.150031 16.853351 21.063406
15.405163 17.090145 20.787827
15.379396 17.827896 19.734482
15.770078 17.357998 20.562873
15.431798 17.753476 19.432593
15.84224 17.304924 20.403568
14.810923 18.420322 19.345963
15.070978 18.150722 19.581599
14.571329 18.306114 19.48312
15.390959 18.26088 18.969317
14.810923 18.420322 19.345963
14.810923 18.420322 19.345963
14.571329 18.306114 19.48312
14.936425 18.368088 18.813842
14.65977 18.484988 18.984323
14.624237 18.638449 19.201599
15.855858 17.93482 18.865323
13.751288 18.863975 17.875228
14.65977 18.484988 18.984323
15.203163 17.959391 20.096477
15.948882 17.1927 20.288164
15.694155 17.523732 19.434011
15.55101 17.379422 20.468915
15.337123 17.932238 20.119486
15.203163 17.959391 20.096477
14.984095 17.980815 20.002519
15.04732 18.332757 18.772882
15.390959 18.26088 18.969317
15.390959 18.26088 18.969317
16.280821 17.532474 18.127514
14.711903 18.484227 18.36093
15.823769 17.366204 19.861603
16.010131 17.264631 19.582723
15.842861 17.098774 20.478768
15.62885 18.045685 19.358936
14.711903 18.484227 18.36093
15.703147 17.990519 18.58156
15.881951 17.825221 18.306851
14.711903 18.484227 18.36093
15.703147 17.990519 18.58156
16.295252 16.662434 20.641495
16.838744 16.464294 19.446361
16.441099 16.951711 20.322583
15.255296 17.95863 19.473084
15.515351 17.68903 19.70872
16.216253 17.184404 19.446427
15.710011 17.645543 19.184235
16.208659 17.585548 18.286819
15.855858 17.93482 18.865323
15.867694 17.550175 18.477545
16.074699 17.612701 18.26381
16.474056 16.497136 20.366786
16.31 17.009335 19.628182
16.268051 16.997123 20.43643
16.872712 16.389861 18.753005
16.65994 16.629592 19.72107
16.617209 16.944351 19.453403
15.389256 17.931477 19.496093
16.338023 16.957762 19.418491
16.030657 17.400263 19.351608
15.420136 18.09795 18.598572
15.867694 17.550175 18.477545
15.62885 18.045685 19.358936
16.249725 17.378839 19.445566
15.703147 17.990519 18.58156
16.208659 17.585548 18.286819
16.208659 17.585548 18.286819
16.192019 17.046002 19.495741
16.856803 17.058559 19.316246
16.441099 16.951711 20.322583
16.265861 17.010836 19.577796
16.280821 17.532474 18.127514
15.649311 17.661877 19.731729
16.030657 17.400263 19.351608
15.389256 17.931477 19.496093
16.074699 17.612701 18.26381
16.249725 17.378839 19.445566
15.571144 17.712848 19.409111
16.280821 17.532474 18.127514
15.556144 18.190668 17.28483
15.556144 18.190668 17.28483
16.431613 17.16021 19.358584
16.192019 17.046002 19.495741
16.441099 16.951711 20.322583
16.398141 16.965775 19.359445
16.856803 17.058559 19.316246
16.280821 17.532474 18.127514
16.455847 17.298612 19.30927
16.321887 17.325765 19.286261
15.925648 17.692979 18.303831
16.309998 17.369544 17.756769
16.455847 17.298612 19.30927
16.856803 17.058559 19.316246
16.637735 17.079983 19.222288
16.945728 15.504767 18.549922
16.268051 16.997123 20.43643
16.637735 17.079983 19.222288
15.966714 17.48627 19.462578
15.915919 17.750788 17.613495
16.431613 17.16021 19.358584
16.95624 15.665469 17.380574
16.942157 16.037417 17.398356
15.701012 17.992611 19.199631
16.712745 15.737602 19.575343
16.891549 15.572304 19.300634
16.683568 15.900532 19.946088
16.872712 16.389861 18.753005
16.945728 15.504767 18.549922
16.974905 15.341837 18.179177
16.956846 14.747572 18.309292
16.977119 15.605158 18.094511
16.712745 15.737602 19.575343
17.153709 15.176539 17.904468
16.891549 15.572304 19.300634
16.891549 15.572304 19.300634
16.945728 15.504767 18.549922
17.153709 15.176539 17.904468
16.867921 16.301364 19.075616
16.891549 15.572304 19.300634
16.974905 15.341837 18.179177
16.942157 16.037417 17.398356
17.169618 14.507841 17.341227
17.169618 14.507841 17.341227
16.956846 14.747572 18.309292
16.999117 15.323506 17.882815
16.937596 16.085772 18.0203
17.153709 15.176539 17.904468
16.891549 15.572304 19.300634
16.993255 15.237155 18.226741
17.077807 15.499376 17.851473
16.956846 14.747572 18.309292
17.077807 15.499376 17.851473
17.169618 14.507841 17.341227
16.485024 17.135682 18.938525
16.249725 17.378839 19.445566
16.896146 16.0187 18.633926
16.009157 16.823196 20.47078
16.946671 15.411208 18.305812
16.619903 16.786413 20.047874
15.98504 17.104554 20.453442
16.302908 16.106377 20.400368
15.81522 17.433734 19.754179
16.012241 16.769865 20.658507
15.43087 17.757169 20.301241
15.968318 17.3306 20.007504
16.321887 17.325765 19.286261
15.94918 17.406581 19.777188
15.263002 17.076579 20.959494
15.364324 17.597549 20.324551
14.86529 17.5307 20.568757
