15.484053 16.484707 21.256043
15.013047 17.156981 20.807716
15.077842 17.805746 20.184274
14.258212 17.85098 20.698077
15.013047 17.156981 20.807716
15.013047 17.156981 20.807716
14.075756 17.154298 21.038971
15.227938 17.41059 20.339513
14.392172 17.823827 20.721086
14.61124 17.802403 20.815044
13.919139 18.008252 20.693194
14.258212 17.85098 20.698077
13.919139 18.008252 20.693194
14.683402 17.749329 20.655739
14.053099 17.981099 20.716203
14.404059 18.140257 20.379165
14.064662 18.414083 19.951038
14.217373 18.358384 20.234801
14.064662 18.414083 19.951038
13.84014 18.530222 19.498126
14.304256 18.528291 19.813881
15.527047 15.668193 21.181201
15.983064 16.932795 21.029252
14.258212 17.85098 20.698077
14.258212 17.85098 20.698077
14.61124 17.802403 20.815044
14.392172 17.823827 20.721086
15.024934 17.473411 20.465795
14.404059 18.140257 20.379165
15.158894 17.446258 20.488804
14.778834 17.851706 20.342243
14.810923 18.420322 19.345963
14.623127 18.118833 20.473123
14.404059 18.140257 20.379165
14.404059 18.140257 20.379165
14.829249 18.038606 20.336827
14.623127 18.118833 20.473123
14.757087 18.09168 20.496132
14.571329 18.306114 19.48312
14.085253 18.663535 18.181507
13.893048 18.862557 19.216605
13.84014 18.530222 19.498126
13.893048 18.862557 19.216605
13.84014 18.530222 19.498126
14.48306 18.362993 19.539172
14.304256 18.528291 19.813881
14.079734 18.64443 19.360969
14.079734 18.64443 19.360969
14.65977 18.484988 18.984323
13.893048 18.862557 19.216605
15.418001 18.100042 19.216643
13.893048 18.862557 19.216605
15.484053 16.484707 21.256043
15.983064 16.932795 21.029252
15.227938 17.41059 20.339513
15.364324 17.597549 20.324551
14.665076 18.131045 19.664875
15.150031 16.853351 21.063406
15.364324 17.597549 20.324551
14.623127 18.118833 20.473123
15.41705 17.406575 20.445906
15.024934 17.473411 20.465795
15.55101 17.379422 20.468915
15.770078 17.357998 20.562873
15.405163 17.090145 20.787827
15.003356 17.735567 20.795155
15.41705 17.406575 20.445906
14.757087 18.09168 20.496132
15.770078 17.357998 20.562873
15.565758 17.726323 19.455602
14.251348 18.195956 20.095402
15.070978 18.150722 19.581599
15.9762 17.277771 20.426577
14.984095 17.980815 20.002519
14.624237 18.638449 19.201599
14.571329 18.306114 19.48312
15.390959 18.26088 18.969317
14.571329 18.306114 19.48312
15.390959 18.26088 18.969317
14.711903 18.484227 18.36093
15.983064 16.932795 21.029252
15.823769 17.366204 19.861603
15.843971 17.61839 19.207244
15.409285 17.879164 19.960181
15.203163 17.959391 20.096477
14.711903 18.484227 18.36093
14.65977 18.484988 18.984323
15.390959 18.26088 18.969317
16.65994 16.629592 19.72107
16.128911 17.222072 20.71034
15.62885 18.045685 19.358936
16.010131 17.264631 19.582723
15.515351 17.68903 19.70872
15.203163 17.959391 20.096477
16.216253 17.184404 19.446427
16.074699 17.612701 18.26381
15.855858 17.93482 18.865323
16.074699 17.612701 18.26381
15.855858 17.93482 18.865323
15.703147 17.990519 18.58156
15.881951 17.825221 18.306851
16.265861 17.010836 19.577796
15.649311 17.661877 19.731729
16.074699 17.612701 18.26381
15.255296 17.95863 19.473084
16.030657 17.400263 19.351608
15.855858 17.93482 18.865323
14.711903 18.484227 18.36093
15.881951 17.825221 18.306851
15.556144 18.190668 17.28483
16.295252 16.662434 20.641495
16.683568 15.900532 19.946088
15.43087 17.757169 20.301241
16.010131 17.264631 19.582723
16.441099 16.951711 20.322583
16.65994 16.629592 19.72107
15.915919 17.750788 17.613495
16.074699 17.612701 18.26381
16.208659 17.585548 18.286819
15.881951 17.825221 18.306851
15.648652 17.692677 19.127553
15.62885 18.045685 19.358936
16.249725 17.378839 19.445566
16.208659 17.585548 18.286819
16.856803 17.058559 19.316246
15.703147 17.990519 18.58156
16.496882 16.118659 19.801724
16.172836 17.406043 19.326282
15.649311 17.661877 19.731729
15.431798 17.753476 19.432593
16.455847 17.298612 19.30927
16.431613 17.16021 19.358584
16.712745 15.737602 19.575343
16.65994 16.629592 19.72107
16.838744 16.464294 19.446361
16.063039 17.596966 19.301202
16.192019 17.046002 19.495741
16.416867 17.558015 18.336836
15.389256 17.931477 19.496093
15.915919 17.750788 17.613495
16.637735 17.079983 19.222288
16.945728 15.504767 18.549922
16.891549 15.572304 19.300634
16.872712 16.389861 18.753005
16.942157 16.037417 17.398356
15.747646 17.507694 19.36862
16.856803 17.058559 19.316246
15.918109 17.737075 18.472129
16.683568 15.900532 19.946088
16.503775 17.107136 19.199279
16.321887 17.325765 19.286261
16.503775 17.107136 19.199279
16.945728 15.504767 18.549922
16.974905 15.341837 18.179177
16.908189 16.11185 18.091712
16.974905 15.341837 18.179177
16.872712 16.389861 18.753005
16.977119 15.605158 18.094511
17.153709 15.176539 17.904468
16.891549 15.572304 19.300634
16.956846 14.747572 18.309292
17.169618 14.507841 17.341227
16.977119 15.605158 18.094511
16.891549 15.572304 19.300634
17.169618 14.507841 17.341227
17.169618 14.507841 17.341227
16.906614 15.098595 18.647623
16.867921 16.301364 19.075616
16.993255 15.237155 18.226741
16.95624 15.665469 17.380574
17.153709 15.176539 17.904468
17.153709 15.176539 17.904468
16.956846 14.747572 18.309292
17.153709 15.176539 17.904468
16.925323 15.85577 18.263181
16.937596 16.085772 18.0203
17.026748 14.832675 17.949447
17.026748 14.832675 17.949447
16.476032 16.668895 19.790976
16.891549 15.572304 19.300634
16.617209 16.944351 19.453403
16.476032 16.668895 19.790976
16.476032 16.668895 19.790976
16.474056 16.497136 20.366786
16.222969 17.514295 18.964508
15.966714 17.48627 19.462578
16.155004 17.112473 20.151868
16.268051 16.997123 20.43643
16.128911 17.222072 20.71034
15.711013 17.375867 19.496482
16.135201 17.543892 19.141897
15.503032 17.704095 20.141936
16.441099 16.951711 20.322583
15.436486 17.544475 20.165246
15.702173 17.549084 19.469617
15.223147 17.322093 20.662124
16.467192 16.842112 19.764111
15.438237 17.05533 20.765378
16.467192 16.842112 19.764111
