15.484053 16.484707 21.256043
15.013047 17.156981 20.807716
15.013047 17.156981 20.807716
14.258212 17.85098 20.698077
15.013047 17.156981 20.807716
14.61124 17.802403 20.815044
14.075756 17.154298 21.038971
14.258212 17.85098 20.698077
14.392172 17.823827 20.721086
13.919139 18.008252 20.693194
14.392172 17.823827 20.721086
14.053099 17.981099 20.716203
13.919139 18.008252 20.693194
13.919139 18.008252 20.693194
14.217373 18.358384 20.234801
14.251348 18.195956 20.095402
14.217373 18.358384 20.234801
14.064662 18.414083 19.951038
14.404059 18.140257 20.379165
14.48306 18.362993 19.539172
14.623127 18.118833 20.473123
13.586374 18.903334 17.159555
15.484053 16.484707 21.256043
14.650328 17.784144 20.678188
15.003356 17.735567 20.795155
14.61124 17.802403 20.815044
15.405163 17.090145 20.787827
14.784288 17.756991 20.701197
14.778834 17.851706 20.342243
14.784288 17.756991 20.701197
14.784288 17.756991 20.701197
14.61124 17.802403 20.815044
14.623127 18.118833 20.473123
14.251348 18.195956 20.095402
14.829249 18.038606 20.336827
14.217373 18.358384 20.234801
14.829249 18.038606 20.336827
13.84014 18.530222 19.498126
14.623127 18.118833 20.473123
13.84014 18.530222 19.498126
13.893048 18.862557 19.216605
14.757087 18.09168 20.496132
14.064662 18.414083 19.951038
14.304256 18.528291 19.813881
14.079734 18.64443 19.360969
13.84014 18.530222 19.498126
13.893048 18.862557 19.216605
14.607858 18.670312 18.027338
13.893048 18.862557 19.216605
15.983064 16.932795 21.029252
15.150031 16.853351 21.063406
14.778834 17.851706 20.342243
16.128911 17.222072 20.71034
15.230364 17.624702 20.301542
14.404059 18.140257 20.379165
15.55101 17.379422 20.468915
15.770078 17.357998 20.562873
15.431798 17.753476 19.432593
15.203163 17.959391 20.096477
14.810923 18.420322 19.345963
14.571329 18.306114 19.48312
14.984095 17.980815 20.002519
14.65977 18.484988 18.984323
14.624237 18.638449 19.201599
15.390959 18.26088 18.969317
15.565758 17.726323 19.455602
15.039999 18.101722 19.306355
14.65977 18.484988 18.984323
14.137934 18.695175 17.204515
16.302908 16.106377 20.400368
15.983064 16.932795 21.029252
15.405163 17.090145 20.787827
15.983064 16.932795 21.029252
16.265861 17.010836 19.577796
16.063039 17.596966 19.301202
16.441099 16.951711 20.322583
15.770078 17.357998 20.562873
15.84224 17.304924 20.403568
15.35887 17.692264 19.965597
15.691584 17.557535 19.346725
15.855858 17.93482 18.865323
15.036228 17.980054 19.379126
15.691584 17.557535 19.346725
14.711903 18.484227 18.36093
15.390959 18.26088 18.969317
16.074699 17.612701 18.26381
16.295252 16.662434 20.641495
16.441099 16.951711 20.322583
16.010131 17.264631 19.582723
15.41705 17.406575 20.445906
15.896697 17.427416 19.328599
15.896697 17.427416 19.328599
15.255296 17.95863 19.473084
15.855858 17.93482 18.865323
16.208659 17.585548 18.286819
15.703147 17.990519 18.58156
15.881951 17.825221 18.306851
15.703147 17.990519 18.58156
15.703147 17.990519 18.58156
14.711903 18.484227 18.36093
15.881951 17.825221 18.306851
14.711903 18.484227 18.36093
15.390959 18.26088 18.969317
15.983064 16.932795 21.029252
16.321887 17.325765 19.286261
15.515351 17.68903 19.70872
15.515351 17.68903 19.70872
15.431798 17.753476 19.432593
15.855858 17.93482 18.865323
16.65994 16.629592 19.72107
16.268051 16.997123 20.43643
15.430095 17.424073 19.959369
16.617209 16.944351 19.453403
15.649311 17.661877 19.731729
16.030657 17.400263 19.351608
16.249725 17.378839 19.445566
15.556144 18.190668 17.28483
16.249725 17.378839 19.445566
15.855858 17.93482 18.865323
16.683568 15.900532 19.946088
16.683568 15.900532 19.946088
16.637735 17.079983 19.222288
16.65994 16.629592 19.72107
16.030657 17.400263 19.351608
16.455847 17.298612 19.30927
15.62885 18.045685 19.358936
15.703147 17.990519 18.58156
15.915919 17.750788 17.613495
16.65994 16.629592 19.72107
16.268051 16.997123 20.43643
16.872712 16.389861 18.753005
16.216253 17.184404 19.446427
16.856803 17.058559 19.316246
16.192019 17.046002 19.495741
16.416867 17.558015 18.336836
15.885035 17.77189 18.494578
16.030657 17.400263 19.351608
16.321887 17.325765 19.286261
16.208659 17.585548 18.286819
16.838744 16.464294 19.446361
16.683568 15.900532 19.946088
16.172836 17.406043 19.326282
16.416867 17.558015 18.336836
15.389256 17.931477 19.496093
16.074699 17.612701 18.26381
15.925648 17.692979 18.303831
16.945728 15.504767 18.549922
16.617209 16.944351 19.453403
16.867921 16.301364 19.075616
16.637735 17.079983 19.222288
16.838744 16.464294 19.446361
16.321887 17.325765 19.286261
16.431613 17.16021 19.358584
16.891549 15.572304 19.300634
16.945728 15.504767 18.549922
16.872712 16.389861 18.753005
16.503775 17.107136 19.199279
16.856803 17.058559 19.316246
16.942157 16.037417 17.398356
16.945728 15.504767 18.549922
16.922272 15.739902 18.07393
16.974905 15.341837 18.179177
16.891549 15.572304 19.300634
17.026748 14.832675 17.949447
16.891549 15.572304 19.300634
16.977119 15.605158 18.094511
16.891549 15.572304 19.300634
16.956846 14.747572 18.309292
16.95624 15.665469 17.380574
16.867921 16.301364 19.075616
17.153709 15.176539 17.904468
17.153709 15.176539 17.904468
17.169618 14.507841 17.341227
16.908189 16.11185 18.091712
16.974905 15.341837 18.179177
17.169618 14.507841 17.341227
16.937596 16.085772 18.0203
16.712745 15.737602 19.575343
16.489849 16.015311 20.086879
15.7194 17.668843 19.104767
15.694155 17.523732 19.434011
15.694155 17.523732 19.434011
16.116774 17.455884 19.304387
16.474056 16.497136 20.366786
15.743058 17.486808 19.913484
15.287934 17.410507 20.131036
15.828115 17.496579 19.45702
14.404059 18.140257 20.379165
15.245011 17.501879 20.441583
15.111051 17.529032 20.418574
15.038889 17.582106 20.577879
16.619903 16.786413 20.047874
15.94918 17.406581 19.777188
15.826099 17.431341 19.457506
15.223147 17.322093 20.662124
