-15.484053 -16.484707 -21.256043
-16.474056 -16.497136 -20.366786
-16.295252 -16.662434 -20.641495
-15.582983 -17.186737 -20.347212
-16.012241 -16.769865 -20.658507
-15.199992 -17.863839 -19.694860
-15.986150 -17.624170 -19.181918
-16.663163 -16.251535 -19.659347
-15.503032 -17.704095 -20.141936
-14.393047 -17.837716 -20.046022
-16.269161 -17.516739 -19.164906
-15.636992 -17.676942 -20.164945
-13.933887 -18.355153 -19.679881
-14.624237 -18.638449 -19.201599
-14.796825 -17.426406 -20.860154
-14.258212 -17.850980 -20.698077
-16.617209 -16.944351 -19.453403
-15.689125 -17.676181 -19.541552
-15.388282 -17.490042 -20.384150
-15.013047 -17.156981 -20.807716
-15.830353 -16.988494 -20.745489
-15.345839 -18.153116 -19.375948
-16.030657 -17.400263 -19.351608
-14.611240 -17.802403 -20.815044
-14.784167 -18.555778 -18.864905
-14.522915 -18.117479 -19.836542
-15.628850 -18.045685 -19.358936
-14.706063 -17.882869 -19.806553
-15.968318 -17.330600 -20.007504
-13.893048 -18.862557 -19.216605
-13.562108 -18.432276 -19.302160
-16.048983 -17.018547 -20.342472
-14.326003 -18.288317 -19.659992
-14.936425 -18.368088 -18.813842
-14.871198 -18.050818 -19.528579
-16.503775 -17.107136 -19.199279
-16.441099 -16.951711 -20.322583
-15.077842 -17.805746 -20.184274
-15.420136 -18.097950 -18.598572
