-15.715684 -17.659934 -18.740517
-15.715095 -17.620663 -19.181849
-14.638320 -18.266501 -19.183817
-15.191276 -17.642961 -20.438398
-14.784167 -18.555778 -18.864905
-14.513923 -18.195711 -19.303235
-16.321887 -17.325765 -19.286261
-14.720045 -18.115484 -19.166939
-15.255296 -17.958630 -19.473084
-14.825006 -18.048374 -19.328181
-15.503032 -17.704095 -20.141936
-14.224592 -18.331412 -19.614344
-14.522915 -18.117479 -19.836542
-14.790606 -17.857632 -20.197690
-16.295131 -17.461221 -18.805203
-14.611240 -17.802403 -20.815044
-15.438237 -17.055330 -20.765378
-15.501329 -17.374692 -20.668712
-13.893048 -18.862557 -19.216605
-14.052978 -18.779886 -18.879911
-15.389256 -17.931477 -19.496093
-16.633986 -16.414465 -20.030092
-14.258212 -17.850980 -20.698077
-16.129311 -17.125299 -19.463344
-14.665076 -18.131045 -19.664875
-16.455182 -16.579763 -20.304801
-16.222969 -17.514295 -18.964508
-15.983064 -16.932795 -21.029252
-14.217373 -18.358384 -20.234801
-16.142994 -16.850124 -20.692558
-16.038876 -17.433196 -19.303273
-15.727120 -17.372062 -19.599735
-15.182160 -17.570269 -20.520446
-15.636992 -17.676942 -20.164945
-14.778834 -17.851706 -20.342243
-16.128911 -17.222072 -20.710340
-15.390959 -18.260880 -18.969317
-14.624237 -18.638449 -19.201599
-15.642933 -17.673737 -19.341154
-15.254322 -17.517195 -20.361141
-14.647883 -18.168558 -19.326244
-14.392172 -17.823827 -20.721086
-14.659770 -18.484988 -18.984323
-16.683568 -15.900532 -19.946088
-14.239120 -18.118410 -20.080912
-16.869826 -15.827604 -18.496927
-15.076139 -17.476343 -20.711050
-16.216253 -17.184404 -19.446427
-15.106245 -18.038908 -19.513105
-15.658739 -17.436968 -20.011056
-15.656175 -17.316901 -20.334404
-15.881951 -17.825221 -18.306851
-15.791063 -17.286055 -19.488765
-14.984095 -17.980815 -20.002519
-14.296748 -18.255826 -19.275204
-13.840140 -18.530222 -19.498126
-14.064662 -18.414083 -19.951038
-15.628850 -18.045685 -19.358936
-15.933242 -17.291835 -19.463439
-15.584084 -17.344607 -20.446466
-14.079734 -18.644430 -19.360969
-17.127389 -14.985443 -17.767469
-15.405163 -17.090145 -20.787827
-15.263438 -17.589887 -20.279093
-14.524107 -18.182738 -19.488090
-15.397398 -17.562734 -20.302102
-16.503775 -17.107136 -19.199279
-16.518435 -16.093969 -20.475518
-16.295252 -16.662434 -20.641495
-15.701012 -17.992611 -19.199631
-16.063039 -17.596966 -19.301202
-16.455847 -17.298612 -19.309270
-14.757087 -18.091680 -20.496132
-16.302908 -16.106377 -20.400368
-16.617209 -16.944351 -19.453403
-14.305039 -18.204162 -19.394132
-16.856803 -17.058559 -19.316246
-16.474056 -16.497136 -20.366786
-15.598464 -17.806472 -19.828440
-15.337123 -17.932238 -20.119486
-16.619903 -16.786413 -20.047874
-16.029891 -17.285977 -19.725307
-15.388282 -17.490042 -20.384150
-15.377962 -17.424834 -20.582762
-15.830353 -16.988494 -20.745489
-15.003356 -17.735567 -20.795155
-16.264181 -16.992928 -19.336436
-15.013047 -17.156981 -20.807716
