15.013047 17.156981 20.807716
15.484053 16.484707 21.256043
15.251875 17.156903 21.044258
14.418842 17.077459 21.078412
15.013047 17.156981 20.807716
15.013047 17.156981 20.807716
14.217373 18.358384 20.234801
15.013047 17.156981 20.807716
14.258212 17.85098 20.698077
14.053099 17.981099 20.716203
14.623127 18.118833 20.473123
14.61124 17.802403 20.815044
14.251348 18.195956 20.095402
13.919139 18.008252 20.693194
14.125261 17.928025 20.556898
14.064662 18.414083 19.951038
14.064662 18.414083 19.951038
14.217373 18.358384 20.234801
14.757087 18.09168 20.496132
13.919139 18.008252 20.693194
14.243466 18.248785 19.676329
13.84014 18.530222 19.498126
14.217373 18.358384 20.234801
12.747503 18.502207 19.525332
15.013047 17.156981 20.807716
15.527047 15.668193 21.181201
15.405163 17.090145 20.787827
15.983064 16.932795 21.029252
14.850996 17.798632 20.182938
15.405163 17.090145 20.787827
14.392172 17.823827 20.721086
14.778834 17.851706 20.342243
14.258212 17.85098 20.698077
14.650328 17.784144 20.678188
14.757087 18.09168 20.496132
14.623127 18.118833 20.473123
14.404059 18.140257 20.379165
14.404059 18.140257 20.379165
14.251348 18.195956 20.095402
14.232256 18.463386 19.478237
13.84014 18.530222 19.498126
14.232256 18.463386 19.478237
14.810923 18.420322 19.345963
14.810923 18.420322 19.345963
13.84014 18.530222 19.498126
13.84014 18.530222 19.498126
13.84014 18.530222 19.498126
13.893048 18.862557 19.216605
14.079734 18.64443 19.360969
14.079734 18.64443 19.360969
14.65977 18.484988 18.984323
14.65977 18.484988 18.984323
14.711903 18.484227 18.36093
13.893048 18.862557 19.216605
13.84014 18.530222 19.498126
13.893048 18.862557 19.216605
15.983064 16.932795 21.029252
15.830353 16.988494 20.745489
15.150031 16.853351 21.063406
15.18216 17.570269 20.520446
15.55101 17.379422 20.468915
14.650328 17.784144 20.678188
15.41705 17.406575 20.445906
15.84224 17.304924 20.403568
15.402304 17.80438 19.424158
15.55101 17.379422 20.468915
15.377962 17.424834 20.582762
15.337123 17.932238 20.119486
14.984095 17.980815 20.002519
15.337123 17.932238 20.119486
14.984095 17.980815 20.002519
14.612674 18.205465 19.966764
15.431798 17.753476 19.432593
14.571329 18.306114 19.48312
14.810923 18.420322 19.345963
14.624237 18.638449 19.201599
14.624237 18.638449 19.201599
15.63792 17.673249 19.296297
14.711903 18.484227 18.36093
14.65977 18.484988 18.984323
15.390959 18.26088 18.969317
15.390959 18.26088 18.969317
14.232256 18.463386 19.478237
14.624237 18.638449 19.201599
16.128911 17.222072 20.71034
16.128911 17.222072 20.71034
15.823769 17.366204 19.861603
15.203163 17.959391 20.096477
15.770078 17.357998 20.562873
15.203163 17.959391 20.096477
15.770078 17.357998 20.562873
15.565758 17.726323 19.455602
15.379396 17.827896 19.734482
15.389256 17.931477 19.496093
15.855858 17.93482 18.865323
15.703147 17.990519 18.58156
15.983064 16.932795 21.029252
16.31 17.009335 19.628182
16.010131 17.264631 19.582723
16.268051 16.997123 20.43643
16.249725 17.378839 19.445566
16.441099 16.951711 20.322583
16.65994 16.629592 19.72107
15.721473 17.608803 19.572424
16.338023 16.957762 19.418491
15.62885 18.045685 19.358936
16.030657 17.400263 19.351608
15.649311 17.661877 19.731729
16.249725 17.378839 19.445566
16.074699 17.612701 18.26381
15.390959 18.26088 18.969317
15.855858 17.93482 18.865323
15.855858 17.93482 18.865323
15.703147 17.990519 18.58156
16.474056 16.497136 20.366786
16.295252 16.662434 20.641495
16.455847 17.298612 19.30927
15.515351 17.68903 19.70872
15.649311 17.661877 19.731729
16.208659 17.585548 18.286819
16.208659 17.585548 18.286819
15.501329 17.374692 20.668712
16.838744 16.464294 19.446361
15.867694 17.550175 18.477545
15.881951 17.825221 18.306851
16.208659 17.585548 18.286819
15.915919 17.750788 17.613495
15.390959 18.26088 18.969317
15.556144 18.190668 17.28483
15.703147 17.990519 18.58156
16.617209 16.944351 19.453403
16.474056 16.497136 20.366786
16.295252 16.662434 20.641495
16.416867 17.558015 18.336836
16.321887 17.325765 19.286261
16.074699 17.612701 18.26381
16.617209 16.944351 19.453403
15.918109 17.737075 18.472129
15.72712 17.372062 19.599735
16.249725 17.378839 19.445566
16.455847 17.298612 19.30927
15.556144 18.190668 17.28483
16.455847 17.298612 19.30927
16.856803 17.058559 19.316246
15.881951 17.825221 18.306851
16.431613 17.16021 19.358584
16.485024 17.135682 18.938525
16.838744 16.464294 19.446361
16.321887 17.325765 19.286261
15.867694 17.550175 18.477545
15.925648 17.692979 18.303831
16.637735 17.079983 19.222288
16.683568 15.900532 19.946088
16.619903 16.786413 20.047874
16.683568 15.900532 19.946088
16.712745 15.737602 19.575343
16.867921 16.301364 19.075616
16.856803 17.058559 19.316246
15.648652 17.692677 19.127553
16.856803 17.058559 19.316246
16.856803 17.058559 19.316246
16.683568 15.900532 19.946088
16.683568 15.900532 19.946088
16.872712 16.389861 18.753005
16.431613 17.16021 19.358584
15.966714 17.48627 19.462578
16.974905 15.341837 18.179177
16.945728 15.504767 18.549922
16.872712 16.389861 18.753005
16.945728 15.504767 18.549922
16.974905 15.341837 18.179177
16.945728 15.504767 18.549922
16.881836 16.089953 17.956237
16.942157 16.037417 17.398356
16.945728 15.504767 18.549922
16.924673 15.69286 18.517508
16.891549 15.572304 19.300634
17.153709 15.176539 17.904468
16.956846 14.747572 18.309292
16.956846 14.747572 18.309292
16.974905 15.341837 18.179177
17.153709 15.176539 17.904468
16.906614 15.098595 18.647623
16.891549 15.572304 19.300634
17.169618 14.507841 17.341227
16.925323 15.85577 18.263181
16.867921 16.301364 19.075616
17.169618 14.507841 17.341227
16.977119 15.605158 18.094511
16.993255 15.237155 18.226741
17.153709 15.176539 17.904468
16.95624 15.665469 17.380574
16.891549 15.572304 19.300634
16.937596 16.085772 18.0203
17.169618 14.507841 17.341227
17.026748 14.832675 17.949447
16.633986 16.414465 20.030092
16.280506 17.060239 19.619747
16.489849 16.015311 20.086879
15.41705 17.406575 20.445906
16.280506 17.060239 19.619747
15.038889 17.582106 20.577879
15.515351 17.68903 19.70872
15.3663 17.769308 19.748741
14.673974 17.314253 20.802833
15.524254 17.514878 19.987857
15.438237 17.05533 20.765378
15.203163 17.959391 20.096477
15.998857 16.45097 20.749345
16.128911 17.222072 20.71034
16.295252 16.662434 20.641495
15.43087 17.757169 20.301241
14.392172 17.823827 20.721086
