-13.705185 -18.223902 -19.724773
-15.003356 -17.735567 -20.795155
-14.035407 -18.381592 -19.566250
-15.251875 -17.156903 -21.044258
-15.564992 -17.612037 -19.829301
-16.838744 -16.464294 -19.446361
-15.106245 -18.038908 -19.513105
-14.467284 -18.492199 -19.149528
-16.619903 -16.786413 -20.047874
-14.258212 -17.850980 -20.698077
-15.983064 -16.932795 -21.029252
-15.047320 -18.332757 -18.772882
-16.000642 -17.402591 -18.771300
-16.856803 -17.058559 -19.316246
-14.799036 -18.103892 -19.687884
-15.409285 -17.879164 -19.960181
-15.626033 -17.356819 -19.638218
-14.079734 -18.644430 -19.360969
